[-0.03124244  0.12714373  0.10295703 -0.03718963 -0.0017596   0.20951922
 -0.08965912 -0.05686203 -0.0133275  -0.11927889  0.06902747 -0.08562948
  0.01680537 -0.0318982   0.093233    0.069299   -0.13209108 -0.04423498
 -0.0748173  -0.08647187  0.16255809 -0.00142566  0.09731098  0.04031078
  0.15461273 -0.06654907 -0.01425152 -0.04357113  0.10329963 -0.02489599
  0.21115436 -0.07186166 -0.00402453  0.07244481  0.03652591  0.05875123
 -0.02960383  0.02594338  0.10855583  0.01361987  0.03622074 -0.0852926
  0.04448509  0.00188129  0.00550563 -0.12269247  0.07285018  0.00167356
 -0.14844184 -0.00532855 -0.09687506 -0.01383634  0.0595918   0.00540519
 -0.04798687  0.05853785  0.00665638  0.12928185 -0.08612986 -0.14003637
 -0.16658035  0.05694193  0.13965131 -0.10638511  0.04088052  0.20328166
 -0.00546508  0.01379894 -0.13745357  0.09128302 -0.03873454  0.05295051
 -0.11289581 -0.03707448  0.15752684 -0.08318776 -0.0314522  -0.10832507
 -0.01398677  0.16656625  0.01390766 -0.03396363  0.09635907 -0.00709207
 -0.10559841  0.05540029 -0.006565   -0.00753095 -0.06482463  0.05261265
  0.13097987 -0.11910804 -0.0348097   0.07476635 -0.01073934 -0.01008737
 -0.13559894  0.1762431  -0.03814669  0.03225694 -0.02181699 -0.07227664
 -0.08729866  0.06224906  0.02434363  0.15032309  0.01388235  0.05601674
  0.08334488 -0.16675466 -0.03117185  0.08624668 -0.06829146  0.05192439
  0.13626683  0.07362382 -0.09337809  0.1108066   0.09663752  0.17964911
  0.10615319 -0.09606161 -0.02403028 -0.01419203 -0.03805844  0.08982541
  0.09680322  0.08545727]