[-0.03900343  0.02140177  0.16574477 -0.21410562 -0.05615237  0.12552623
 -0.14574453  0.15859126 -0.03580014  0.01821228  0.00723809 -0.1596339
  0.02649173  0.06474344  0.20368777 -0.0574046  -0.00984015 -0.0799078
  0.0054152  -0.06180422  0.00525978  0.08524136  0.04871223  0.00263806
 -0.02829768  0.03336147  0.03326222  0.02237247  0.02365421 -0.21903436
  0.15307252 -0.25800058 -0.02505797  0.03731601  0.04421311  0.14957254
  0.00546883  0.11051099  0.04822164  0.09882613 -0.06528634  0.05404821
 -0.18138202 -0.07705589  0.06989213  0.01209887 -0.05953291  0.06572594
 -0.11743482  0.02419628 -0.17335957  0.02974076 -0.02402017  0.01200522
 -0.09879437  0.01222526  0.00481208  0.07239816 -0.08327425 -0.09999596
 -0.06314631  0.10191578  0.03602926 -0.04081262 -0.03668107  0.06996088
  0.08405002  0.22055444  0.04765765  0.09594847  0.08697262  0.01510774
 -0.05870188 -0.05560883  0.07923459 -0.06433422 -0.13728423  0.01833512
  0.14570825  0.0251783  -0.08050112  0.01885548  0.04152296 -0.02978459
 -0.05889756 -0.04982748  0.05394936  0.08175106  0.0852112   0.02539975
  0.10263461 -0.01559095  0.14812483  0.10435826  0.01970986 -0.04841574
 -0.02540846 -0.00529282 -0.13569181 -0.00118209 -0.03927729  0.00063091
 -0.18759154 -0.10080049 -0.00239703  0.10829217 -0.03838996 -0.21572621
  0.06211093 -0.08895676  0.0518528   0.07422291  0.00840784  0.06269123
  0.10755977  0.06880925 -0.12019168 -0.06146215 -0.0338029  -0.00222146
  0.031656   -0.07555307 -0.00224084  0.05115323 -0.00121797  0.01304855
  0.04335225  0.01508402]