[-0.11319488  0.02527236  0.10625443 -0.09096397 -0.0260355   0.1505679
 -0.21038739  0.03797568 -0.00630795 -0.10226843  0.03440066 -0.06253912
  0.0242492   0.0390757   0.17765974 -0.0039475  -0.0717895  -0.08344564
  0.05024171 -0.08917782  0.0970325   0.01463959  0.10186936  0.04225955
  0.15785046  0.0156768   0.10022104 -0.09536889 -0.02769464 -0.09562217
  0.25961536 -0.15296978  0.11480593  0.06353356 -0.00346942  0.14872538
  0.00246499 -0.00480042  0.03494633  0.06914621  0.06859635 -0.05662732
 -0.00630947  0.05206297 -0.01340413 -0.06927644  0.09262714 -0.07291742
 -0.10902116 -0.06975184 -0.10934614 -0.113791    0.08776568 -0.01181861
 -0.04918516  0.13380721 -0.03348363  0.09412228 -0.04053262 -0.12306066
 -0.13748159  0.00779614  0.01701143 -0.06990461  0.08187284  0.106965
  0.03454611  0.08009958 -0.00349118  0.09418514 -0.01480872  0.01292389
 -0.13047065 -0.18261662  0.17707822 -0.01905562 -0.12604719 -0.01379384
 -0.02780823  0.14544529 -0.1240413  -0.00201867  0.08619801  0.02558509
 -0.13140415  0.04986635  0.09245969  0.00194316 -0.09708613 -0.01322491
  0.03115283 -0.07725225  0.01950107  0.05633905 -0.0240652   0.01957476
 -0.13552023  0.11568357 -0.05730169  0.00801106 -0.12035687 -0.08534042
 -0.08291849 -0.01198186  0.0074266   0.10560276 -0.06805729 -0.04708447
 -0.03534789 -0.16849732 -0.06422357  0.01698634 -0.0736574  -0.02504519
  0.087866    0.04241475 -0.12638356 -0.07779159  0.06308701  0.14259306
  0.14814818 -0.04828219 -0.09340792  0.01596581  0.00513369  0.04468156
  0.06528286  0.13489102]