[-0.10326747  0.08170484  0.170834   -0.17064311  0.04915387  0.06292017
 -0.11829577  0.06917655 -0.10397882 -0.00994419 -0.04718706 -0.13225752
  0.02250853  0.07154539  0.20381773  0.01742602  0.03991975  0.0215834
  0.04797803 -0.01740974  0.05478833  0.06651878  0.16328628  0.03188699
  0.03808233 -0.03551996  0.0186327   0.0139964   0.15210998 -0.1190699
  0.13821429 -0.21130341  0.12202962  0.00451044  0.12537591  0.05796773
  0.05338424  0.12549382 -0.02107946 -0.05382529 -0.05829418  0.06232541
  0.03123578 -0.00344662 -0.05593968  0.03883084  0.07462467  0.04541475
 -0.16571581  0.01537403 -0.16682333 -0.10178596  0.06542729 -0.03743699
 -0.06599009  0.05387299  0.03172665  0.0936107  -0.06386287 -0.13154028
 -0.11348245  0.10539022  0.03081876 -0.05186402  0.11513937  0.15452056
 -0.07371981  0.0329462  -0.12917244  0.03212166  0.0072109  -0.0349844
 -0.07494476 -0.08834733  0.09989193 -0.03102983 -0.06893504 -0.01853308
  0.16163993 -0.04940875 -0.04001359  0.00438342 -0.01856818  0.01711984
  0.02478642 -0.09231444 -0.07956889  0.08380209  0.0258138   0.10792928
  0.13549681  0.02327819  0.01864091  0.05003756  0.11271339  0.001156
 -0.07507687  0.24243531 -0.14284615  0.00210665 -0.0350724  -0.03644779
 -0.07057927 -0.10550202 -0.06394025  0.12521653  0.03698688 -0.16663125
  0.20036435 -0.13231371  0.03728969  0.05987315  0.03612228  0.06038327
  0.07401721  0.03864247 -0.07394547 -0.01852221 -0.0320755   0.10086845
  0.02786061 -0.07973771 -0.07057945 -0.01320666 -0.07916257  0.06059253
  0.06072407 -0.02943623]