[ 0.07073349  0.11127985  0.04183092 -0.09500634 -0.0227742   0.18141355
 -0.02692147  0.29978371 -0.21484859  0.08792731 -0.00931117 -0.12814836
  0.07713068 -0.06186709  0.12503479 -0.01228141  0.11341371 -0.02118758
  0.00471832  0.04623726  0.05674344 -0.05376542  0.12643673 -0.01546725
 -0.01491221 -0.0958854  -0.03518023 -0.08746892  0.04380326 -0.153612
  0.0384008  -0.12307979 -0.03359829  0.07735307 -0.05346748 -0.00153524
  0.01269373  0.14585471 -0.04139068  0.02104044 -0.08518344 -0.00854886
 -0.07249704 -0.03161228 -0.05505518 -0.00220151  0.07333514 -0.03317574
 -0.23844326  0.11389615  0.04365278  0.02666393 -0.12531696  0.04572854
 -0.06347092 -0.02908596  0.09608122 -0.01136475  0.09069704 -0.16317631
 -0.04363644  0.04473988 -0.01392042 -0.22233224  0.06222243 -0.03587452
  0.01490656  0.09728447 -0.05700664  0.08212084  0.02980647  0.08004733
 -0.07409655  0.00073561  0.00044338 -0.04489752  0.00769839  0.11780944
  0.11248673  0.01763863 -0.19981863 -0.09333293  0.02104473 -0.03286803
  0.006012    0.01760207 -0.00503651  0.03461463  0.16262922  0.00287336
  0.00830529 -0.07652137 -0.03673634  0.0268302   0.05573132 -0.03151626
  0.11580098  0.11723937 -0.21017621  0.01633354 -0.06406406  0.08638545
 -0.08501411  0.10498148 -0.07733493  0.07007431 -0.06026905 -0.03176634
  0.08408754 -0.15914971 -0.04726326  0.11802002  0.00393623  0.0185386
  0.11896452 -0.0202206  -0.0439913  -0.12171005  0.032543    0.07663149
 -0.0684445  -0.02472369  0.06889331  0.07705372  0.1052943  -0.07237525
  0.09431402 -0.04414124]