[ 0.05451173  0.19787216  0.04564298 -0.06260464 -0.01514953  0.22317906
 -0.10450584 -0.04312602 -0.07182867 -0.0356811   0.08830933 -0.05687496
 -0.03836336 -0.05750914  0.11053225 -0.05359804 -0.1105002  -0.08285942
  0.03492877 -0.05806056 -0.00582816  0.11286405  0.08138029 -0.08089612
  0.09027943 -0.09545109  0.10044016  0.05552749  0.00054736 -0.00151548
  0.0384159  -0.2184252   0.02165673  0.05665544  0.07257098  0.03993085
  0.04402775 -0.08206981  0.11157622  0.05247809 -0.04231115 -0.1112754
  0.00269071 -0.03515413 -0.09270464  0.03520026  0.04035841  0.029247
 -0.16720647  0.15321362  0.00567651  0.14956497 -0.03183274  0.06231949
 -0.04908627 -0.01796754 -0.01359012 -0.0155225  -0.16188146 -0.01902957
 -0.10581365  0.0222174   0.1445757  -0.14301609  0.05074691  0.0558806
  0.00297743  0.07985418 -0.12281354  0.15990779  0.04180575  0.04987835
 -0.09174217 -0.0434544   0.11343355  0.01071216 -0.01226463 -0.09642841
  0.02421416  0.13969071  0.00943432 -0.08078853  0.10414797  0.08629804
 -0.05392057  0.02628397 -0.0734061  -0.03938226  0.03275875  0.17087431
  0.07010183 -0.15814826 -0.02708907  0.16844125 -0.07358523 -0.13508849
 -0.04578249  0.04159543 -0.01365711 -0.0359556   0.01207295  0.08061574
 -0.08916894 -0.06724335  0.0064576   0.14155178  0.05556319  0.04279051
 -0.03145065 -0.03434823  0.08635153  0.00277178  0.04703967  0.09971222
  0.04250174  0.00942445 -0.04948423  0.13752869  0.08843248  0.13292556
  0.09498359 -0.14116471  0.04416712  0.00473869  0.16447331  0.0370915
  0.24217504  0.05158905]