[-2.64153983e-02  1.61520407e-01  2.02443317e-01 -1.05408765e-01
 -6.44574091e-02  1.65114343e-01 -1.35680780e-01  1.16394445e-01
 -9.98808220e-02 -2.78252140e-02  5.46397315e-03 -1.56634659e-01
 -5.56266829e-02 -9.24831927e-02  1.88346580e-01 -2.37861276e-02
 -1.24247044e-01 -6.60053343e-02 -4.91279131e-03 -1.19552977e-01
  1.57962926e-02  7.23264739e-02  1.40352041e-01 -1.01975508e-01
  8.82708356e-02 -8.47631916e-02  6.74786940e-02  1.52046969e-02
  2.03244984e-02 -1.72729135e-01  1.17191084e-01 -2.06330508e-01
  3.66636142e-02  7.27887079e-02  6.46859184e-02 -3.45417485e-03
  2.26894580e-02  1.79609954e-02  6.90852851e-02  4.00690287e-02
 -2.28544474e-02 -1.22337237e-01 -3.67295258e-02 -5.64101860e-02
 -2.31729522e-02  4.80678938e-02  1.82974618e-02 -1.73619762e-02
 -2.42728785e-01  1.03017569e-01 -4.17237133e-02  1.01665318e-01
  7.82036036e-03  3.73695083e-02 -1.30787462e-01 -2.24531144e-02
  8.92032832e-02 -8.40744451e-02 -8.66240188e-02 -1.06612906e-01
 -7.92043433e-02  4.97412421e-02 -1.51661346e-02 -5.76607771e-02
  4.31910045e-02  1.04871668e-01 -1.48023013e-02  8.15064684e-02
 -8.36854875e-02  1.50438428e-01 -5.48664574e-03  1.80483432e-04
 -9.30869207e-02 -3.72612104e-02  1.25645533e-01 -5.75522892e-02
 -7.23230690e-02 -7.48496354e-02  6.78736418e-02  1.36333600e-01
 -7.78682381e-02 -1.01737224e-01  7.63448477e-02  5.33532351e-02
 -3.55219841e-02  1.16450582e-02 -4.99921888e-02  1.56308729e-02
  1.29929241e-02  1.18002988e-01  8.10135826e-02 -5.35946898e-02
 -2.13683937e-02  1.04188636e-01 -5.10989837e-02 -3.37508805e-02
 -1.84396785e-02  1.29529923e-01 -9.67778862e-02 -1.73722971e-02
 -2.21340917e-02  1.45679675e-02 -1.10261641e-01 -2.86193062e-02
  8.93259868e-02  6.33101389e-02  3.99988778e-02  2.68956032e-02
  7.84836635e-02 -1.32007971e-01  1.44100897e-02  6.33620843e-02
 -1.10743765e-03  3.92540693e-02  1.08638950e-01 -5.88523829e-03
 -7.75092542e-02  4.64068949e-02  1.26206368e-01  1.08421251e-01
  9.40646231e-02 -7.69680664e-02  5.35416044e-03  5.92232822e-03
  1.66600376e-01 -3.44669558e-02  2.29739577e-01  3.93551402e-02]