[-0.01212007  0.16896673  0.07124048 -0.18870823  0.06815421  0.10542445
 -0.0556704   0.18402763 -0.10935425  0.04332028 -0.04502183 -0.08555527
 -0.02302885 -0.05265336  0.18439375 -0.00644993  0.01802077 -0.11978232
  0.05943311 -0.04048641  0.01687219  0.05404156  0.13202991 -0.10005747
  0.06804081 -0.03050947  0.104012    0.00028891  0.12885712 -0.10976419
  0.06686267 -0.1520676   0.09482885  0.09185707  0.01819794 -0.0285104
  0.13993958  0.08936983  0.07140235  0.00194145  0.01114921 -0.0725808
  0.05991447 -0.02724522 -0.07766883  0.1151378   0.07808905 -0.01760827
 -0.20465931  0.08169251 -0.08669289  0.09164611 -0.07059143  0.03552942
 -0.02052351  0.00695237  0.06820518 -0.01079277 -0.14921634 -0.07889052
 -0.07787667 -0.04571024  0.03575125 -0.12713578  0.09136166  0.04447904
 -0.07922246  0.10593298 -0.03869953  0.10485063 -0.03851403  0.04626782
 -0.16979955 -0.01690377  0.13455924 -0.0002283   0.01868034  0.10046531
  0.0946581  -0.00377239 -0.15532438 -0.01051809  0.0888598   0.13146865
  0.0427668  -0.06495164 -0.02022042  0.11793773  0.12072052  0.08848237
  0.09786791 -0.06706264 -0.07918357  0.09057634  0.07707153 -0.06812295
  0.03595304  0.15513429 -0.10750997 -0.04382934 -0.08547506 -0.02564041
 -0.0889364   0.03794526 -0.06470263  0.07281684 -0.03060628  0.01154693
  0.10379797 -0.15958886  0.02209253  0.07462925 -0.0346547   0.08452513
  0.13880683 -0.03814366 -0.02466461 -0.1026774   0.07877303  0.1732447
  0.09972089  0.03812987  0.0339013   0.07639634  0.04175509 -0.05773497
  0.16301276 -0.01264593]