[ 0.18358313 -0.0080269   0.0341487   0.06659541  0.05747715  0.14548784
  0.03288707  0.03902982 -0.05620973 -0.13542089  0.18908392  0.10727104
  0.02990132 -0.09772116 -0.00957533 -0.02200667 -0.02307917  0.09245094
 -0.18718976  0.1073929   0.08035287  0.13299631  0.05877742  0.10446067
 -0.03182949 -0.14876348  0.00090704 -0.00251408 -0.0734281   0.03400112
 -0.08694401 -0.07265058 -0.04322363  0.18140391 -0.07431984 -0.02336271
 -0.05010214 -0.07646884 -0.05791526  0.12784472  0.02921254  0.03488281
 -0.02458053  0.04947501 -0.1599932  -0.1917014   0.01951254 -0.04235934
 -0.03395779  0.28380945  0.12574227 -0.06382202 -0.22469637  0.1045201
 -0.02394514 -0.05283785 -0.06691533  0.04031174 -0.0307757   0.09175495
 -0.08478182 -0.00967299  0.0824093  -0.09926964 -0.0479799  -0.13371815
  0.03397066 -0.06022554 -0.1133564   0.11556637  0.05743593  0.0511955
  0.10463089  0.10333556 -0.03766981 -0.07753701  0.02497568 -0.07245435
 -0.07495074  0.06022667  0.06819591 -0.03149853  0.05612236 -0.05252503
 -0.05350693  0.13091709  0.03603606 -0.11992317 -0.06308734  0.08908985
  0.08145466 -0.1965435  -0.14514226  0.01128484 -0.02777774 -0.05547215
 -0.12263761 -0.05689797 -0.07149386  0.0356168  -0.06287064  0.06735384
  0.04357896  0.0668475   0.02773129  0.04492195 -0.01298327  0.08719722
 -0.06178582 -0.05240575  0.0328469   0.05468664  0.04550134  0.11468848
 -0.04607774 -0.01858585  0.09774526  0.06238106  0.01809473  0.09139908
  0.01107569  0.00516359 -0.00493476  0.09657551  0.1068882  -0.06428085
  0.1266842   0.02049137]