[ 1.67543083e-01  2.05378067e-02 -1.08496130e-01  1.27086207e-01
  5.08540496e-02  5.85954711e-02  1.20255481e-02 -5.34018017e-02
  1.09527502e-02 -1.29568607e-01  2.09432185e-01  1.74195036e-01
  2.42488347e-02 -1.34150267e-01 -1.70725003e-01  1.23057058e-02
 -2.39472417e-03  9.80360508e-02 -1.84131444e-01  1.85247421e-01
  9.67835113e-02  3.62587534e-02  7.00529590e-02  9.95850787e-02
 -3.25803459e-02 -6.69750273e-02  5.28519005e-02 -7.86547512e-02
 -7.75414109e-02  1.14618234e-01 -1.37142524e-01  3.54561731e-02
  4.00287062e-02  1.45302773e-01 -1.00699961e-01 -5.51749691e-02
 -4.79543917e-02  4.24504951e-02 -7.16696903e-02  5.33420257e-02
 -8.00479669e-03 -5.98036405e-03 -3.12307328e-02  9.52064767e-02
 -1.61637649e-01 -1.23891704e-01  7.55187869e-02 -6.71604574e-02
 -4.00854610e-02  2.21111000e-01  1.35053605e-01  1.95134114e-02
 -1.72922805e-01  8.36361721e-02  3.91091332e-02 -6.03614822e-02
 -3.74169201e-02 -1.23278294e-02 -3.03445607e-02  4.35385145e-02
 -7.17491210e-02 -1.16838045e-01  1.53226689e-01 -5.73613383e-02
 -3.25707421e-02 -1.98213592e-01 -8.22055433e-03 -2.57411953e-02
 -7.01185316e-02  9.45792273e-02  2.37556752e-02 -1.38030406e-02
  6.28149956e-02  6.07111938e-02 -2.72599403e-02 -5.17975911e-02
  1.71572845e-02 -9.19024460e-03 -1.46345720e-01  8.58589485e-02
 -4.55722865e-03  1.65536180e-02  1.16669703e-02 -6.44398779e-02
 -5.22073321e-02  1.31570652e-01  1.90849248e-02 -9.63933244e-02
 -3.15417871e-02  4.34325896e-02  3.25487042e-03 -2.03012735e-01
 -1.66664571e-01  8.00516922e-03 -1.65991951e-02 -7.88515359e-02
 -8.82995203e-02 -5.53612560e-02  1.24709792e-02 -5.64832129e-02
 -2.95168813e-02  5.14497906e-02  6.02738857e-02  1.29867122e-01
  1.46532999e-02 -5.60969114e-03 -9.07141995e-03  1.70931339e-01
 -4.78146672e-02 -6.68115094e-02  1.20680286e-02  8.41371566e-02
 -1.49718413e-04  9.35200527e-02 -3.41042839e-02 -3.20775285e-02
  4.52625519e-03 -3.31376269e-02  6.98925704e-02  1.02306925e-01
 -1.73468981e-02  8.60031545e-02 -3.33825150e-03  8.87620747e-02
  1.19702019e-01 -3.58124226e-02  1.36224285e-01  1.91578560e-03]