[ 0.16595803 -0.06557435 -0.06187414 -0.02142243  0.04920449  0.16448276
 -0.0248991   0.0369114  -0.12911496 -0.14584886  0.10386929  0.1028965
  0.05627479 -0.08559327 -0.00441376  0.0072074  -0.1203388  -0.07811489
 -0.10778419  0.13782555  0.02411455  0.10962984  0.09443233  0.02170196
 -0.04391117 -0.03005145  0.10529636 -0.03286139 -0.10905824  0.00899058
 -0.09058903 -0.05930036 -0.038911    0.17008439 -0.1032456   0.03588023
 -0.05390954 -0.1000158  -0.06274105  0.0915985   0.04536123 -0.10553417
  0.02036476  0.11068005 -0.15846886 -0.06077617  0.06505949  0.02789123
 -0.08353731  0.29578623  0.08314378 -0.07959749 -0.1568834   0.10886183
  0.06367461 -0.07981806 -0.08241519  0.0564414  -0.02581873  0.0732233
 -0.08441553  0.00546967  0.12704098 -0.03533225 -0.02367381 -0.11741375
 -0.02722964  0.01334968 -0.05209987  0.0743053  -0.02720224  0.03658686
  0.03140652  0.05463662  0.0450204  -0.03604338  0.04580307 -0.06603421
 -0.04799765  0.16281997  0.133396   -0.14717592  0.05192288 -0.02889977
 -0.13381054  0.10696211  0.04444256 -0.06444807 -0.04402523  0.13316655
  0.09925322 -0.15466349 -0.18070202  0.06214279 -0.11287773  0.02230254
 -0.06816465 -0.01405022  0.00966952 -0.0460258  -0.034382    0.06536587
  0.00827793  0.02604083 -0.02221942  0.04136071 -0.11790784  0.17590539
 -0.12098677 -0.06651884  0.07047259  0.09684384  0.01978935  0.059685
 -0.05228337  0.01748889  0.08433998  0.07691669  0.03559799  0.16106978
  0.05873507 -0.05817898  0.07833809  0.05874952  0.04980482 -0.04900613
  0.12094138  0.03874809]