[ 0.17088199  0.03423698  0.00625316  0.01961406  0.00393511  0.1909752
 -0.02901629 -0.02015045 -0.07556719 -0.14012648  0.18606456  0.09592199
  0.01528583 -0.07112776 -0.04696299  0.01591312 -0.07071251  0.04634267
 -0.13143645  0.06597053  0.09275877  0.13701515  0.05395995  0.10403008
 -0.02307255 -0.06679177  0.10541281  0.00546917 -0.05527212  0.06299815
 -0.0966894  -0.1167055  -0.02292695  0.17001948 -0.04827237  0.00250696
 -0.03886289 -0.0674526  -0.00611295  0.11336268 -0.04233968 -0.02477882
  0.02481253  0.06504703 -0.10145381 -0.16070162  0.07873553 -0.03898638
 -0.11648057  0.26857901  0.12687677 -0.03471949 -0.16439947  0.1231804
  0.0279616  -0.01791372 -0.05965978  0.09278718 -0.05623257  0.02767055
 -0.08887485 -0.01298104  0.19197145 -0.11069434 -0.01727832 -0.07691342
 -0.00142375 -0.03903974 -0.13837638  0.15419404  0.01330365  0.013514
  0.03346149  0.05489903  0.02070213 -0.07679933  0.04916502 -0.080335
 -0.06521564  0.07256857  0.10472226 -0.03977162  0.06768043 -0.06502745
 -0.11108653  0.09701253 -0.00391288 -0.11978807 -0.02414086  0.15694314
  0.08003799 -0.2300678  -0.1440715   0.07449497 -0.0088459  -0.0014871
 -0.10652164  0.00398092 -0.00367683  0.02303309 -0.03913782  0.08306
 -0.01980824  0.05475085  0.00912592  0.08017199 -0.0291374   0.05289106
 -0.11697072 -0.11217093  0.05852571  0.07833356  0.07359552  0.10912551
  0.00591332  0.01815266  0.07239666  0.08532359  0.04415613  0.10470883
  0.05663547 -0.07885701  0.06831736  0.01805387  0.09800618  0.01310371
  0.17735495  0.01940492]