[ 2.21738338e-01 -5.17767854e-02 -2.68622320e-02  7.87562877e-02
  2.97225770e-02  1.94790348e-01  2.22502891e-02  2.40072366e-02
 -5.17534502e-02 -1.82248652e-01  1.39238611e-01  8.80152881e-02
  1.05562173e-02 -1.42832890e-01 -1.90582741e-02 -5.16131930e-02
 -6.75540566e-02  2.84719490e-03 -1.34667933e-01  1.21400252e-01
  5.56763597e-02  1.33246198e-01  6.72164857e-02  5.40594980e-02
 -6.21039532e-02 -1.32108584e-01 -8.38528201e-03 -9.19772312e-02
 -1.45701304e-01  2.76147407e-02 -6.56144321e-02 -9.27795619e-02
 -8.09130073e-02  1.50761262e-01 -1.08203581e-02  2.80914847e-02
 -3.52422856e-02 -7.75965303e-02 -8.80191475e-02  6.64061680e-02
 -2.41746614e-03 -2.24591582e-03 -8.46152306e-02  6.48089722e-02
 -1.42672598e-01 -8.95769149e-02  2.32187808e-02  2.22730101e-03
 -4.90910895e-02  3.15746754e-01  8.12407732e-02 -5.21688685e-02
 -1.35624319e-01  9.41650420e-02  1.49453590e-02 -9.80988219e-02
 -7.79764727e-02  1.68586746e-02 -4.50622067e-02  6.60853088e-02
 -5.38547970e-02  1.92311145e-02  1.24786071e-01 -1.33920789e-01
 -4.35046665e-03 -1.93165824e-01  6.31120801e-02 -2.22272351e-02
 -7.27885142e-02  1.07635401e-01  4.62605432e-02  4.45512906e-02
  7.50402436e-02  6.30896538e-02 -8.44074935e-02 -6.68811873e-02
  7.89251365e-03 -7.99053088e-02 -4.31716815e-02  1.50205985e-01
  8.86955187e-02 -8.01899731e-02 -2.15404909e-02 -9.35969949e-02
 -5.89905605e-02  8.74666870e-02  6.17958978e-03 -1.13545246e-01
 -7.40928277e-02  1.17744073e-01  1.16219379e-01 -1.63109213e-01
 -1.37745619e-01  3.39828394e-02 -7.63460174e-02 -3.47922593e-02
 -3.31664607e-02 -1.02342784e-01 -4.33231182e-02  2.38078833e-02
 -7.44455494e-03  9.36940312e-02 -1.02855414e-02 -3.47492807e-02
 -8.01910210e-05  2.11788919e-02 -8.98633618e-03  8.17735568e-02
 -1.14469856e-01  4.83535379e-02  7.35204443e-02  4.55762930e-02
  4.93506007e-02  3.85706536e-02 -3.63778695e-02  2.93361973e-02
  6.05725385e-02  5.32877780e-02  1.60063372e-03  8.24533179e-02
 -2.01729443e-02 -1.48373777e-02  6.49758130e-02  1.06565647e-01
  1.58625111e-01 -6.98321164e-02  1.64664075e-01 -1.05633996e-02]