[ 0.05021394  0.12444365  0.01832242 -0.03271595  0.01326256  0.06146007
  0.0185338  -0.01824053 -0.09053705 -0.01668839  0.09894047 -0.06295609
 -0.04372177  0.04201215  0.13606459 -0.14399949 -0.04423043 -0.10634188
  0.11095557 -0.03390647 -0.06237587  0.03114058 -0.05580159 -0.18518588
  0.11517568 -0.0446443   0.02902226  0.07294701 -0.01774605  0.00722058
 -0.01667674 -0.19313343  0.04015022 -0.03411207  0.08659653  0.06566296
  0.03407381 -0.09922409  0.08724411 -0.04628357  0.04565724 -0.06231454
  0.0016455   0.02633599 -0.11289967  0.2200077  -0.00974675 -0.02874099
 -0.14305212 -0.06731506 -0.12538889  0.1665985  -0.02964642  0.02669605
 -0.00977123 -0.0176088  -0.15274803 -0.02996648 -0.17365187  0.08030866
 -0.04612526 -0.03889709  0.068877   -0.03364678  0.07704493  0.08890315
  0.01086901  0.09625912  0.01317928  0.01147829  0.14384672  0.00274352
 -0.0203961  -0.14845443  0.10237537  0.09785191 -0.04643348 -0.03932611
  0.02556822  0.08024917 -0.08719276 -0.08753043  0.04423615  0.08723884
 -0.05310565  0.05137319 -0.00714032 -0.04787076 -0.01322996  0.10308059
  0.06669705 -0.10459893 -0.00983885  0.07393069 -0.12979302 -0.2022026
  0.03077682 -0.09958688  0.03535784 -0.06433664 -0.05524962  0.12381898
  0.02187139 -0.16818705 -0.08156534  0.16413827  0.10381763  0.14825945
 -0.01013025 -0.02188286  0.11090424 -0.14848559 -0.06931461  0.03018047
  0.03025807 -0.03214942 -0.10076018  0.02242505  0.08111569  0.02436658
  0.02122588 -0.11889686 -0.04827028  0.10120241  0.2309311   0.01560056
  0.21441235  0.03166036]