[ 1.21118136e-01  1.53099418e-01  6.18992262e-02 -5.72153926e-03
 -4.19919901e-02  9.74273756e-02  4.84458841e-02 -8.90278351e-03
 -1.28759071e-01 -5.14629520e-02  8.55502859e-03 -5.46703488e-02
  1.14770703e-01 -3.18709649e-02  4.26926874e-02 -9.00726318e-02
  2.02182364e-02 -1.08683862e-01 -9.29502398e-02  1.61712080e-01
 -7.07620941e-03  6.52469769e-02 -8.91643837e-02  5.62489145e-02
 -3.95812020e-02 -1.77826211e-02 -1.20910667e-01  9.99188330e-03
  1.93470437e-02  8.48157853e-02 -5.46322614e-02 -4.68531251e-02
 -9.23422650e-02  9.05130878e-02  3.88587490e-02  7.95697700e-03
  7.50222802e-02  1.24113068e-01 -3.06064952e-02 -4.83398028e-02
 -1.74311418e-02 -5.20086475e-02  3.55091691e-02 -3.28224478e-03
 -2.46407613e-02  9.12652090e-02  9.69811454e-02  4.75357436e-02
 -1.08606003e-01  1.14090011e-01  7.86069632e-02  3.86827476e-02
 -2.24739294e-02  8.67858455e-02  1.47338316e-01 -9.88018513e-02
 -1.31872028e-01 -7.97971245e-03  7.92022794e-02 -1.81504264e-01
 -3.89614776e-02  1.60119813e-02  1.88734464e-03 -7.59713799e-02
 -5.29758707e-02 -2.57808287e-02  1.43211514e-01 -3.78974131e-03
 -8.81360024e-02 -1.25049859e-01  7.19910711e-02 -2.40619332e-02
  6.55851066e-02  1.91397816e-02  7.13704079e-02  1.78410225e-02
 -2.66034286e-02  2.79505248e-03  1.52989656e-01  1.99015826e-01
  1.10774338e-01 -2.97354627e-02  2.40512844e-02 -3.42073441e-02
  6.86696544e-02 -5.77951632e-02 -6.24803919e-03  7.00581772e-03
  7.39386380e-02  1.30017325e-01  1.17987394e-03 -1.24652952e-01
  4.59831357e-02  5.88315837e-02 -2.43403837e-01 -1.01439893e-01
  1.26338378e-01 -4.02450077e-02 -5.22404844e-05 -1.14200495e-01
  2.51166932e-02  2.29351297e-01 -4.86737164e-03  8.66287202e-02
 -2.29791597e-01  4.45954986e-02 -5.33004776e-02  1.15919843e-01
  2.46845055e-02  3.87263149e-02  1.52752697e-01  6.95779771e-02
 -1.69883221e-01  7.86899999e-02 -8.77413005e-02  1.68002527e-02
 -1.50445148e-01 -2.09021419e-02 -1.72124103e-01 -3.07368878e-02
 -7.95164630e-02  1.11646457e-02  8.81482065e-02  4.89574485e-02
  1.13016322e-01 -7.26564322e-03  9.00849849e-02 -1.11549966e-01]