[ 0.00296745  0.1862554   0.12166058 -0.0441703  -0.02004706  0.16312617
  0.03936618 -0.01968973 -0.11756091  0.09316521  0.03527922 -0.05532395
 -0.02788617 -0.10290729  0.16857712 -0.15863426 -0.21352322 -0.10151386
  0.01446902 -0.04955065 -0.12142266  0.03530712 -0.0675853  -0.081149
  0.07393503 -0.04029468 -0.03918525  0.08026318  0.00275584 -0.0442617
 -0.01491976 -0.13536088 -0.1163924   0.05272728  0.05873172  0.0109958
  0.01277381 -0.12654886  0.10773755  0.01626012  0.10919745 -0.20235404
  0.0059196  -0.04754511 -0.09940966  0.05618041  0.01514235  0.08525757
 -0.1388721   0.06481518 -0.01491117  0.13082378 -0.06761909  0.03143368
  0.03268534 -0.02312636 -0.11808469 -0.01590395 -0.11695021 -0.00770837
 -0.06436844  0.04787429  0.0707524  -0.0308571  -0.00324035  0.1832909
  0.05601355  0.01360354 -0.07414223  0.02631573  0.0175634   0.11466333
  0.012957    0.10884228  0.13641138 -0.00826234 -0.03230941 -0.08240549
  0.12251139  0.11400491  0.03877306 -0.08800144  0.10406731  0.07247975
 -0.02863643 -0.01596465  0.02195616  0.02829229  0.10410671  0.14987415
  0.09451488 -0.06579785  0.07594581  0.07778762 -0.22459169 -0.1741167
  0.00744008 -0.06981551  0.06448005 -0.07483062  0.00841002  0.10161505
 -0.01672016 -0.10969129 -0.02293453  0.14984332  0.03828392  0.13467754
 -0.01646237  0.06299388  0.15904811  0.03803448 -0.03112607  0.03390077
  0.00105297 -0.05305716 -0.03584834  0.13766533  0.06244389  0.01250009
  0.09948013 -0.14370455  0.02974212  0.03307575  0.08996759  0.04389598
  0.14719582  0.01608844]