[-0.00087526  0.174817    0.08587825  0.03698054 -0.13378063  0.14440191
 -0.01393193 -0.02582908  0.02149091  0.04206719  0.14593686 -0.04029498
 -0.10412933 -0.15450129  0.04626476 -0.19392391 -0.19313473  0.00749651
  0.03253966 -0.10782957 -0.07801061  0.04742936 -0.14655639 -0.04247735
  0.06862024  0.00323391  0.02397897  0.04906642  0.00562752 -0.03181665
  0.02781448 -0.14152533 -0.07993739  0.00666134  0.06388222  0.01388238
 -0.02433921 -0.13483241  0.11227164  0.07634319  0.08760832 -0.14740363
 -0.10287338  0.04966714 -0.0432449  -0.10994399 -0.01297631 -0.00110254
 -0.06444336 -0.01869613  0.01101027  0.23473763 -0.04947264  0.03807776
 -0.04343114  0.02085313 -0.09843016 -0.0581263  -0.10849666 -0.03588742
 -0.07768716 -0.05894002  0.13466409  0.00670157 -0.06133636  0.06420657
  0.16873051 -0.10695294 -0.00477863  0.10479889  0.01755182  0.01966364
  0.05252969  0.10107917  0.06539773 -0.13513231 -0.08910323 -0.04728998
 -0.01727921  0.10318839 -0.03004879  0.02022159  0.1089282   0.01490202
  0.01989767  0.01543152  0.03441183 -0.04215664  0.07414999  0.05887404
  0.04172172 -0.0842282   0.06269179  0.0272791  -0.12138049 -0.21124014
 -0.00877707 -0.13081317  0.05001598 -0.02461331 -0.03316659  0.13293463
 -0.00055757 -0.08929573  0.06135714  0.11951064  0.14637575  0.06083181
 -0.03847494  0.05921094  0.10207186 -0.0212651  -0.05569598  0.00888808
  0.01938369 -0.09685385  0.01737469  0.0041946   0.17898674 -0.09949618
  0.11570597 -0.13375415  0.01433509 -0.0074887   0.16446725  0.00914853
  0.20289832  0.09974104]