[ 0.01543996  0.12328127 -0.04709319 -0.05981321 -0.04773268  0.05721773
 -0.05677841 -0.14868075 -0.0005235  -0.01826939  0.13662511 -0.00860769
 -0.02149776  0.06717002  0.07717533 -0.14557733 -0.0861928  -0.15762216
  0.10042353 -0.01934266 -0.14601864  0.12773274 -0.09686276 -0.08430134
  0.03565897  0.08652268  0.10205945  0.10315618  0.00880322  0.04509393
  0.02049678 -0.14056996  0.01550059 -0.05863747  0.03109898  0.11838794
  0.04402998 -0.04960925  0.15671919  0.11091335  0.03218226 -0.04786605
 -0.08869342 -0.00778434 -0.06756458  0.09685633 -0.02421336  0.03360413
  0.0010039  -0.06369532 -0.11848392  0.19474748  0.02379691  0.04113653
 -0.0310789   0.00282126 -0.14747645  0.07386959 -0.18706447  0.08255785
 -0.1257394  -0.02882748  0.18130429 -0.00156384 -0.04881055  0.08326907
  0.13324538  0.06029629  0.0350083  -0.05100042  0.08890358 -0.02473281
  0.00216194 -0.00568422  0.18322295  0.01915048 -0.08973616 -0.10776725
 -0.00656568  0.14018209  0.06194747 -0.01844787  0.08130112  0.05824047
 -0.02827889  0.01752105  0.02234649 -0.06779152 -0.02453     0.03490602
  0.04422463 -0.10557444  0.11741299  0.14515604 -0.10599475 -0.22561771
 -0.01972934 -0.15400259  0.11509726 -0.065391   -0.06559788  0.09573963
 -0.02184559 -0.09660329 -0.08694544  0.15820248  0.0860479   0.05541469
 -0.04984491  0.04486664  0.16889122 -0.09431059 -0.04527256  0.08485215
 -0.07496225  0.00049433 -0.09471799  0.05832562  0.05673539 -0.03321685
  0.06825723 -0.15768765 -0.03093055  0.01412806  0.08311818  0.06902494
  0.0737329   0.07194138]