[ 7.63143450e-02  1.58957511e-01  1.32920563e-01  1.23214968e-01
 -2.87751239e-02  1.18650801e-01  7.08131120e-02 -9.87731740e-02
  2.13438198e-02 -4.99641113e-02  8.57170895e-02 -4.24791574e-02
 -1.06741130e-01 -9.63131152e-03  1.32186458e-01 -2.06134841e-01
 -4.83619869e-02 -8.02037213e-03  4.68162028e-03 -1.48031622e-01
 -7.01157749e-02  7.30205402e-02 -1.46778390e-01 -4.06791233e-02
  1.79887414e-01 -1.47661924e-01 -9.39256772e-02  1.05788611e-01
 -7.31314570e-02  4.27899435e-02  6.31480291e-02 -6.65682256e-02
 -1.26434401e-01  1.25093646e-02  8.10094848e-02  5.71052218e-03
 -2.05205996e-02 -1.76704526e-01  7.36200586e-02  1.17070992e-02
  1.15453728e-01 -2.02572364e-02 -4.02284898e-02 -3.37509774e-02
 -3.65418792e-02  2.44839415e-02 -7.17595145e-02 -2.99306307e-02
 -1.38942339e-02 -5.39682098e-02  5.43612689e-02  1.82813868e-01
 -8.04921612e-04 -2.14683115e-02 -4.26193960e-02 -6.05509244e-03
 -1.73124731e-01 -1.24215090e-03 -6.00936934e-02  3.73753943e-02
 -3.20168361e-02  9.24175605e-04 -2.51162574e-02 -7.62465373e-02
 -2.09974907e-02  9.94317830e-02  1.57110959e-01 -2.75741871e-02
 -6.36046901e-02  1.03807919e-01  1.34848073e-01  8.81327614e-02
  7.53709301e-02 -2.55961670e-03 -1.22865159e-02 -8.53730459e-03
 -5.09758182e-02 -1.45592302e-01 -3.85489538e-02  1.06677838e-01
 -1.80965383e-02  1.94564443e-02  7.38183409e-02 -1.29793724e-02
  3.68694551e-02 -2.19313409e-02  8.53761658e-03 -1.25062838e-01
 -6.73416033e-02  6.56086206e-02  1.31933540e-02 -9.67343450e-02
  6.84520677e-02 -1.25804991e-02 -1.41432226e-01 -1.66968420e-01
  2.42316015e-02 -2.11140469e-01  5.22552915e-02  3.17756482e-03
 -4.13234010e-02  1.42825499e-01  5.86650111e-02 -7.32221752e-02
 -6.47416934e-02  9.04686302e-02  9.57599804e-02  7.79771283e-02
 -5.79061955e-02  8.92620534e-02  1.38023511e-01 -1.01925462e-01
 -1.00648977e-01  1.50053957e-02  2.54964853e-05 -9.20851678e-02
 -4.81076278e-02  6.65238798e-02  9.11178663e-02 -5.83343841e-02
  5.64011224e-02 -3.29713263e-02 -4.70900759e-02  5.92144951e-02
  2.58287698e-01 -2.76717208e-02  1.74305275e-01  1.31019559e-02]