[ 0.05963455  0.22900575  0.05419353  0.06608745 -0.02155342  0.17143869
 -0.06150733 -0.15941598 -0.04605192  0.03761406  0.15887235 -0.06848215
 -0.05347813 -0.04931514  0.11268757 -0.08694576 -0.08542696  0.03511582
  0.00080231 -0.08261057 -0.05691219  0.05736586 -0.02957199 -0.06484527
  0.17281972 -0.13236782  0.00047325  0.0978084  -0.01516258  0.04317166
  0.05203126 -0.1022812  -0.08190733  0.00923101  0.07203916  0.03610311
 -0.03487879 -0.17482944  0.18032606  0.05186143  0.00348833 -0.1151288
 -0.03868992 -0.04398872 -0.05209734 -0.00931798 -0.01775863  0.05004114
 -0.08794355  0.01599109  0.07464743  0.21101579 -0.05034051 -0.01143433
 -0.13497438 -0.02238916 -0.09344114 -0.03812495 -0.08678301  0.04505805
 -0.07862782  0.01764413  0.08176825 -0.0839268  -0.01891578  0.10404666
  0.07450832  0.02998241 -0.11439468  0.11186355  0.0939958   0.09283142
  0.01292766 -0.03100677  0.0492204  -0.04979914 -0.02896482 -0.13023087
 -0.03931532  0.15245438  0.03188121 -0.03857369  0.07514088  0.03437776
 -0.05229628  0.07153101 -0.06655827 -0.12060434 -0.01610946  0.08752123
  0.00126368 -0.11460498  0.04356394  0.11879307 -0.13996525 -0.18967792
 -0.0671972  -0.09187163  0.0209585  -0.04141831  0.00236692  0.10587427
 -0.01858951 -0.04738467  0.0539909   0.14655     0.12401883  0.09832001
 -0.00132027  0.05407761  0.07223056 -0.04013363  0.00962877  0.11084519
 -0.01732473 -0.07318115 -0.10000913  0.18574055  0.09654859  0.00757179
  0.05801596 -0.141625   -0.02966043  0.01934447  0.2127628   0.02777758
  0.16507308  0.03630193]