[ 0.06212172  0.13849916  0.05691997  0.09546544 -0.0826347   0.06320324
  0.0546834  -0.02593416 -0.0322944   0.04255195  0.15212828 -0.0350238
 -0.05246163 -0.08971373  0.05398538 -0.1946113  -0.09191032 -0.0258079
  0.03531421  0.00628427 -0.09016458 -0.04402261 -0.09546927 -0.12213574
  0.07722136 -0.01112286 -0.09085766  0.04154668 -0.01502724 -0.03790281
  0.00762771 -0.05894977 -0.08274727 -0.00958818  0.04886979  0.00073182
 -0.01535208 -0.00220792  0.13863963 -0.01147226  0.06418695 -0.08364723
 -0.13538709 -0.03012945 -0.09737991 -0.0406413  -0.04840122 -0.00797088
 -0.02718991 -0.00927112 -0.04692856  0.27877495 -0.07338449  0.0509768
 -0.03511566 -0.07557939 -0.08935952 -0.08247714 -0.11566437 -0.00145614
 -0.06156812 -0.06963208  0.09985244 -0.04205552 -0.03309235  0.09298071
  0.15656266 -0.02392684 -0.0067773   0.01897294  0.08322942  0.06311554
  0.06995374  0.13856831  0.02901761 -0.11293337 -0.04215887 -0.07781515
  0.03253231  0.13880822 -0.10374479 -0.04915106  0.07501688 -0.00724068
  0.05205632 -0.01524098  0.01768138 -0.00631658  0.11432728 -0.02696335
  0.05500046 -0.06108268  0.11331052  0.03135229 -0.13051338 -0.30492634
  0.05977063 -0.14124598  0.00752906 -0.0643798  -0.05922972  0.14324635
  0.01770772 -0.05508709  0.04075946  0.14460683  0.19209945  0.13341691
  0.0957999   0.06694128  0.06215987 -0.02229279 -0.09341355  0.0585766
  0.03235161 -0.11171634  0.00149466  0.00426533  0.15027733 -0.07550061
  0.00463868 -0.06292852 -0.00589983  0.07031095  0.20105429 -0.03125632
  0.22459838  0.069196  ]