[-0.00026563  0.05700041 -0.00247363  0.04579251  0.00901396  0.13767406
  0.12079671 -0.06203004 -0.0439069  -0.01125369  0.07347906  0.01418327
 -0.07163381 -0.02023363  0.10256542 -0.15638499 -0.18974994 -0.09697222
  0.06063629 -0.09195832 -0.09683242 -0.04827029 -0.11928582 -0.13431202
  0.10464268  0.01322312 -0.10235507 -0.01783936 -0.04572689 -0.03627458
  0.05686951  0.00118542 -0.11211956 -0.03625644  0.01854182  0.09310468
 -0.07168736 -0.14402734  0.08416522  0.01126174  0.21063089 -0.09024838
 -0.05626401  0.01770789 -0.12284316  0.07015078 -0.0057718  -0.04363174
 -0.07730761 -0.1237261  -0.14816575  0.09145327 -0.0120404  -0.00729944
  0.0234262   0.04147489 -0.1607082   0.11961672 -0.13516399  0.09900267
 -0.10427722  0.0354829   0.14727965 -0.05721349  0.07344295  0.20265377
  0.07747267  0.01078052  0.00836338  0.03763499  0.08756688  0.13575152
  0.04466507  0.06808653  0.11179379  0.03107389 -0.07533044 -0.10493327
 -0.05008565  0.03313027 -0.06769509 -0.03188617  0.04445853  0.00366185
 -0.11892664  0.06460925  0.10753134 -0.0469822  -0.05647246 -0.00642247
  0.12917276 -0.0639087   0.034514   -0.03976793 -0.10874791 -0.13124989
  0.02567408 -0.13601685  0.10252537  0.02786872 -0.09842109  0.02465256
  0.04378733 -0.12317158 -0.07381497  0.19322063  0.05083064  0.16098706
 -0.07735963  0.03084113  0.1051751  -0.05081066 -0.06875404 -0.09621018
  0.06732998 -0.04361264 -0.02866988  0.03459192  0.17591038  0.00659609
  0.10627817 -0.13988456 -0.00976527  0.07480335  0.08712502  0.07316549
  0.0923304   0.09179638]