[ 0.04501821 -0.01385839 -0.03847256 -0.08979959 -0.0214837   0.11194283
  0.09641627  0.03868059 -0.16970092  0.0665165   0.01973075 -0.0032419
  0.09053849  0.01307643  0.05734503 -0.19640358 -0.18054761 -0.08126771
  0.08168957  0.0223398  -0.02835833 -0.09545393  0.0241672  -0.07595041
 -0.01485733  0.03872716 -0.01665113 -0.10978759 -0.07188556  0.00384744
 -0.07814661 -0.15360358 -0.06072222 -0.00896318  0.05360657 -0.01997773
 -0.08547888  0.07714897  0.02815483 -0.06103467  0.01261736 -0.13182048
 -0.13933976  0.0585596  -0.17794895  0.07547925 -0.01509425  0.04373892
 -0.14744227 -0.00545901 -0.10755016  0.03202683  0.03286903  0.04396019
  0.06722675 -0.00933296 -0.03333086  0.11965163 -0.10762008 -0.04466777
 -0.0068761   0.02995042  0.17915602  0.00182161  0.0884358   0.10768168
  0.00844803  0.13184865 -0.00460259 -0.05831531  0.03339424  0.05522325
 -0.02227277 -0.04084782  0.05247664  0.05919148 -0.06704056 -0.14012855
  0.15631093  0.15534264 -0.11860535 -0.19970427  0.02056144 -0.01520595
 -0.12614451 -0.0795593   0.10360692  0.02732029  0.14255263  0.02531527
  0.08458745 -0.06785003  0.11570798  0.02896061 -0.21261929 -0.18484789
  0.04767646 -0.03547169  0.09690774 -0.05784525  0.08102555  0.13428387
 -0.01736922 -0.12313087 -0.05986882  0.10048327 -0.00975446  0.12013004
 -0.02226746 -0.03058977  0.17189482  0.0387369  -0.03702002 -0.06476168
  0.04196651  0.1146953  -0.10238222  0.05758932  0.04854921  0.04913098
 -0.00976632 -0.21399245 -0.04272641  0.01640842  0.04802058  0.09737954
  0.05581761  0.03333874]