[-0.02779896  0.1680561   0.10878717 -0.00132658 -0.12752929  0.115987
  0.00610379  0.01751675  0.04371309 -0.05523496  0.13372268 -0.00980814
 -0.0176399  -0.03643208 -0.05383837 -0.13545962 -0.13417169  0.06787328
 -0.08282303 -0.10306424  0.09977471 -0.00555238 -0.00451624  0.1456812
  0.071182   -0.08290822  0.0934593   0.03456431  0.1045954   0.04155133
  0.02560546 -0.21095367  0.04030523  0.02602426 -0.01856131 -0.10462037
 -0.0923613   0.08101468 -0.04397134  0.08640547 -0.00091447 -0.03950611
 -0.06162273  0.12291756 -0.07111225 -0.22627214  0.01707697 -0.09873199
 -0.10367639 -0.00571967  0.02783635  0.0977572  -0.00585248  0.03143819
 -0.03612364  0.10740042 -0.02316885  0.14704444 -0.02508202 -0.17194431
 -0.13352275 -0.05505564  0.17939815  0.01316288 -0.0343008   0.10341276
  0.07662413 -0.13970111 -0.14554684  0.116868    0.00047904 -0.05966406
  0.01802572  0.02492373  0.12215022 -0.09012163 -0.06600378 -0.11465558
 -0.01587657  0.07043061 -0.09263582 -0.01436355  0.12634107 -0.03146044
  0.00225743 -0.00912652  0.02568507 -0.0685612   0.04747823  0.04370838
  0.003358   -0.21110837  0.01604641 -0.02710947  0.01478504 -0.14176369
 -0.0979413   0.05095002  0.05444422  0.0307248  -0.01371844  0.10540287
  0.0396488   0.06857225 -0.03526097  0.08018052  0.06365679  0.01330055
  0.02993881 -0.22647573  0.10268077  0.08679692 -0.04134098  0.06236907
  0.04770447  0.04401947 -0.01677609  0.0345138   0.17390941  0.0419248
  0.0524925  -0.13919742 -0.13136199 -0.08680127  0.06943937  0.10456542
  0.11982556  0.08422545]