[-0.07581968  0.20551786  0.03197256  0.02293691 -0.09266897  0.14683379
 -0.06057179  0.03401426  0.0540921   0.05303162  0.11562065 -0.04152237
 -0.08908525 -0.11198897  0.01883871 -0.07016672 -0.04861269  0.11002256
  0.03395596 -0.09105334 -0.00341649 -0.04589165  0.06536957  0.07236583
  0.06766213 -0.11505584  0.11461043 -0.01405497  0.04463561 -0.0545788
  0.10580514 -0.18370147  0.09426154  0.02788312  0.04890917  0.0082603
  0.03255067  0.00319673 -0.03320633  0.04965491 -0.00577748 -0.08021854
 -0.01935971  0.05730804 -0.078502   -0.16758838  0.07858101 -0.05899531
 -0.13562989  0.04959077  0.00822686  0.04198857 -0.04847823  0.00127814
 -0.06650969  0.13863266 -0.01201666  0.0200296  -0.0661025  -0.08365308
 -0.15828648 -0.05609354  0.15761369 -0.20112196  0.13424741  0.05824773
  0.01601961 -0.14678101 -0.18918264  0.20728096 -0.04199721  0.00576068
 -0.06227939  0.03453482  0.07505261 -0.11003863  0.01642831  0.05884867
 -0.03613487 -0.10378903 -0.20228997  0.00170561  0.02023832 -0.0010969
 -0.02843861  0.03002856 -0.0749916  -0.04563931  0.07911237  0.0659129
  0.01583663 -0.15004295  0.0085148  -0.05778087  0.16727038 -0.06230374
 -0.06039572  0.08520841 -0.03909842  0.07418352 -0.07687191  0.0021622
 -0.04808117 -0.02395179  0.08717348  0.11692874  0.11373236 -0.09644283
 -0.0218439  -0.10434049 -0.06888881  0.05451179  0.13102525  0.02590442
  0.0915195  -0.08318622  0.07061086 -0.03187866  0.21891108  0.08531585
  0.09362218 -0.12895724 -0.03826509  0.0094224   0.1079528   0.04689134
  0.13718022  0.04855077]