[-3.44655626e-02  1.08007967e-01 -8.10783952e-02 -1.43940940e-01
  5.93854766e-03  7.69912207e-04 -6.20214976e-02 -2.06235409e-01
 -9.20390189e-02  1.75708334e-03  4.44002375e-02 -2.60023586e-02
  4.01160568e-02  2.32607618e-01  9.95573923e-02  5.71756922e-02
 -7.06409737e-02 -6.62872344e-02  1.16271518e-01 -9.95785221e-02
 -9.45248008e-02  2.02660769e-01  6.16684780e-02 -1.26373380e-01
 -1.61781125e-02  1.50783196e-01  1.33662686e-01  1.58133395e-02
  4.99528758e-02  1.40888348e-01 -6.26761168e-02 -5.04814461e-03
  6.53153211e-02 -7.92874023e-02  2.75351088e-02  1.14278041e-01
  5.30251786e-02  3.23327668e-02  1.25291795e-01  2.11467385e-01
 -8.80177170e-02  5.00347912e-02  1.31215565e-02  5.48809096e-02
 -9.67175737e-02  2.36526981e-01  1.08993575e-01 -3.67200561e-02
 -3.79412174e-02 -8.58666673e-02 -9.53270297e-04  7.39058331e-02
 -2.40478776e-02  5.92737272e-02 -1.98136177e-02  6.43277839e-02
  7.24452958e-02  1.53248146e-01 -5.03876172e-02  1.59428596e-01
 -8.57842565e-02 -3.87333930e-02  1.23221591e-01  1.35577461e-02
  8.06142688e-02 -5.45999743e-02  2.59657134e-03  1.07376829e-01
  9.46791619e-02  8.80113617e-02  7.84369409e-02  3.14933173e-02
 -2.02167816e-02 -4.24021184e-02  1.35587528e-01  5.03578670e-02
 -1.32645130e-01 -5.83587661e-02 -1.14327319e-01 -3.44810858e-02
  1.75990701e-01  4.67623435e-02 -1.01069184e-02  7.43659809e-02
 -1.52896509e-01  8.03247280e-03 -1.78195187e-04 -1.33786246e-01
 -1.47885203e-01  7.89758377e-03 -3.71388383e-02 -3.97326984e-02
  4.46088798e-03 -4.20028530e-03  2.12256797e-02 -2.69936640e-02
 -5.18973507e-02  9.88846049e-02  1.92288280e-01  2.60343980e-02
 -1.22900531e-01  5.14923073e-02  5.41076995e-02  2.87587997e-02
 -1.06958896e-01  1.34047167e-02 -1.03208393e-01  4.39984724e-02
 -1.25989327e-02 -3.39564942e-02  8.44155625e-02 -7.08187819e-02
 -2.23543998e-02  1.23444116e-02 -9.05752406e-02  8.74822065e-02
  6.22506952e-03 -2.59063169e-02 -3.38438787e-02  2.27364395e-02
  1.19822770e-01 -7.91938305e-02  1.24356207e-02 -8.74272361e-03
 -6.34483248e-02  4.51196060e-02 -5.51304668e-02  1.06557824e-01]