[-0.03484026  0.04613249 -0.06000953 -0.15792401  0.05349535  0.12994678
 -0.12193268 -0.19165672 -0.12527154 -0.0433224   0.05746566  0.02286644
  0.03494197  0.18093929  0.07401051  0.02790311 -0.15288021 -0.05327979
  0.09869007 -0.03917054 -0.03583428  0.15515344  0.10178638 -0.08842508
  0.01598792  0.16910288  0.14106148  0.00782494  0.00961126  0.05217806
 -0.00431966 -0.11271087  0.02112322 -0.03693167  0.059361    0.1616594
  0.00219811  0.00353232  0.1249384   0.12554432 -0.04319001  0.03508955
  0.03551213  0.08336975 -0.15301882  0.06153233  0.12840755  0.02652941
 -0.05386037  0.02390762 -0.05667726 -0.03142859 -0.04216136  0.0897118
  0.05422468  0.04212757  0.01602924  0.2152469  -0.0840601   0.03240221
 -0.12154639  0.02296788  0.25124389 -0.00770189  0.08900394  0.04800507
 -0.01532711  0.12805057  0.06277776  0.13720243  0.06167519  0.10010416
  0.00994713 -0.01909515  0.13877454 -0.01200385 -0.12275806 -0.08756921
 -0.038317   -0.01703058  0.17274664  0.05421567  0.05342796  0.03908489
 -0.19358277 -0.02947921  0.02927057  0.0015746  -0.03267284  0.05147066
  0.07659236 -0.06066556  0.00801385  0.03537937 -0.00433608 -0.06837387
 -0.09759443  0.1490808   0.10812202 -0.00765274 -0.10112946  0.02942175
  0.01240745 -0.07269567 -0.0788439   0.12059557 -0.09406253 -0.01095382
 -0.03741125 -0.04008431  0.11641458  0.02183592  0.03129959  0.07279607
 -0.03278256  0.07300027  0.00337109  0.0398706  -0.02603652  0.03182752
  0.14210539 -0.13454051  0.07127285 -0.05866845 -0.12036727  0.10125624
  0.01895107  0.13302456]