[-0.01159869  0.09846587 -0.17931119 -0.14688618  0.02029834  0.08074746
 -0.10139268 -0.13617139 -0.06861092 -0.05297322  0.04255554 -0.05135917
  0.03948722  0.15523103  0.04187781  0.06144993 -0.08993622 -0.09918196
  0.11183629 -0.11652415 -0.02918555  0.11363365  0.04173982 -0.2597951
  0.02753377  0.13171066  0.09098355 -0.01953256  0.01123914  0.08648995
 -0.00460017  0.01426092  0.06431726 -0.0851767   0.02401548  0.09042509
  0.07428406 -0.01589881  0.21593478  0.11177278 -0.0241507   0.00898014
  0.05416234  0.03212106 -0.06176574  0.15020011  0.09712032 -0.05521975
 -0.09950643 -0.11801774 -0.13596392  0.03079128  0.03915109  0.10262244
 -0.08568012  0.03860074  0.07035244  0.08051633 -0.10580446  0.05383022
 -0.07485036  0.00279568  0.1769263  -0.02200539  0.02311189  0.08969549
  0.00724784  0.17118962  0.15404356 -0.02544997  0.06336962  0.00345682
 -0.04366153 -0.10333535  0.14886756  0.0630322  -0.13705149 -0.13735551
 -0.13718033  0.00390121  0.09560426  0.06089807  0.02570852  0.08876425
 -0.15765738  0.14849657  0.00550169 -0.09497958 -0.08699983 -0.03297783
  0.03775796 -0.0896709  -0.04837141  0.03874944  0.00677961 -0.0507816
 -0.06585519  0.12018061  0.06885788  0.03478085 -0.10965916 -0.04107406
  0.04716244  0.00641065 -0.10151891  0.08932649 -0.05259481  0.12390666
 -0.10642724 -0.04604767  0.05795461 -0.12897021 -0.04301612 -0.00514927
 -0.02892022  0.04255877 -0.10118664  0.00353775  0.06069686 -0.03335524
  0.12115182 -0.09757584  0.07607811 -0.01474439 -0.00798353  0.00285613
 -0.02364421  0.12603621]