[-0.06958211  0.04773615 -0.0521599  -0.17841025  0.00216182  0.01014198
 -0.16939561 -0.08602456 -0.09512943 -0.04624419  0.001879   -0.04148596
  0.04658933  0.25881147  0.15557998  0.0392899   0.00139792 -0.1542495
  0.16835184 -0.07266746 -0.06293839  0.1547569   0.05960516 -0.08487293
  0.03836167  0.17501518  0.15223978  0.0137438  -0.01887202  0.02594375
  0.04763936 -0.09902747  0.08793351 -0.03178813 -0.02716286  0.18687595
  0.09761914  0.03366391  0.1083122   0.19549796 -0.04449288  0.0929178
  0.05052039  0.02930203 -0.02786113  0.15830667  0.1348538  -0.06965131
 -0.01645366 -0.07023732 -0.06989188 -0.06948824 -0.01080462  0.07288357
  0.01185629  0.08865911 -0.00359353  0.16512825 -0.01335014  0.05191353
 -0.06585085 -0.01270575  0.05272402 -0.03424975  0.05506847  0.00419099
  0.05143446  0.15500724  0.16414925  0.03725979  0.0665614   0.05151151
 -0.0419153  -0.08661869  0.18342982  0.04529894 -0.13638164  0.0038033
 -0.06159178 -0.01475536  0.07523763  0.08194716  0.0326174   0.05076165
 -0.15328477  0.01484472  0.05156602 -0.06158285 -0.09250539 -0.05554846
 -0.03329042 -0.03570515  0.061232   -0.00115654  0.05183654 -0.00260467
 -0.04616285  0.08848789  0.07601995  0.00826108 -0.22758573 -0.0250799
  0.01519731  0.00356629 -0.15787368  0.0636731  -0.16415624 -0.04174153
 -0.09746925 -0.07107103  0.05678216 -0.06970459 -0.03858713  0.01927775
 -0.06968013  0.04606051 -0.03149923 -0.11274896 -0.06918691 -0.00726105
  0.11688031  0.00239078  0.01126151  0.02501073 -0.08448354  0.00808586
 -0.07096583  0.1121984 ]