[-0.03467156  0.16569866  0.1044287  -0.17528297 -0.00582518 -0.08282227
  0.05409603  0.08325713 -0.11880604  0.09907572  0.03106885 -0.11187389
  0.05579286  0.22017035  0.14006819 -0.01672553  0.11140791  0.02100233
  0.00548174 -0.06191045 -0.03430358  0.05978854  0.01413027 -0.18103604
 -0.04977364  0.0223895   0.00162382  0.14577313  0.12439619 -0.00904277
 -0.12652986 -0.06699916  0.11804374 -0.014929    0.05368163 -0.01213224
  0.13790908  0.21171963  0.05096316  0.01572487 -0.09418532  0.09464016
  0.06227766 -0.05984601 -0.06517319  0.21593489  0.01520783 -0.08684701
 -0.20411077 -0.12165307 -0.08558752  0.07514893 -0.13971746  0.0974443
 -0.04867012  0.02425198  0.00233167  0.0086992  -0.11206054  0.02989415
 -0.01035355 -0.05514824 -0.0326966  -0.02370394  0.10312603  0.11289629
 -0.07127783  0.14338942 -0.01495197  0.0158542   0.1462938  -0.08646876
  0.0121118  -0.08013587  0.09541278  0.08375955 -0.04241436  0.0079928
  0.07132567 -0.24453576 -0.0996299   0.02617327 -0.01264162  0.06048849
 -0.03908161 -0.01783545 -0.03089742 -0.01541442  0.0615819   0.09402418
 -0.00217346 -0.13477625  0.02703416 -0.00862611  0.06770006 -0.08809139
  0.02442853  0.06233978 -0.02088008  0.05364184 -0.10523254  0.07964408
  0.01107244  0.02133592 -0.07751819  0.06806412 -0.00329978  0.00812876
  0.11825166 -0.20730895  0.00040693 -0.07941707 -0.05093828  0.10003012
  0.0659679  -0.04558808 -0.06086428 -0.09115675  0.00552339 -0.04069438
 -0.00731962 -0.02366638 -0.0278141   0.09092247  0.1498902  -0.02459124
  0.05890812 -0.06221541]