[-7.37221241e-02  1.47523984e-01  1.95392713e-01 -1.96653262e-01
  2.97557898e-02 -8.22856575e-02  5.01281722e-03  3.62281203e-02
 -8.41051713e-02 -2.72997189e-02 -1.06633250e-02 -8.41435865e-02
 -2.45979484e-02  2.19876543e-01  1.71477452e-01 -2.28571780e-02
  1.97492205e-02 -1.60725769e-02  3.64859030e-02 -9.46457610e-02
  3.75504652e-03  2.03621492e-01  1.70962734e-03 -1.25629470e-01
 -1.38216121e-02  5.08133210e-02  2.89598387e-02  1.63885936e-01
  1.56177655e-01  8.92409962e-03 -7.75683224e-02 -1.27880767e-01
  1.24840796e-01  1.30018569e-03  8.26247260e-02  1.52814370e-02
  1.46093816e-01  1.29948646e-01  4.74143177e-02  6.87693134e-02
 -1.49283241e-02  1.32850498e-01  1.20139204e-01 -2.80865431e-02
 -7.14814812e-02  1.83703482e-01  6.56587705e-02 -1.16425760e-01
 -1.21501900e-01 -7.37968087e-02 -1.20735571e-01  4.08607312e-02
 -1.02948882e-01  1.23505361e-01  1.71645582e-02  4.93502691e-02
  1.05778659e-02  5.84811792e-02 -1.51193038e-01  3.38059813e-02
 -3.42627615e-02 -3.51892263e-02 -1.96983740e-02  3.84610258e-02
  8.32934678e-02  8.59301388e-02 -2.95847431e-02  3.57360318e-02
  1.55227520e-02  7.30492324e-02  1.24849036e-01 -5.24982922e-02
  2.71858647e-02 -5.57819009e-03  1.52706280e-01  5.35088405e-02
 -8.37972984e-02 -1.38421906e-02  4.69793305e-02 -2.32648224e-01
  1.73876546e-02  1.29100829e-01  5.39957955e-02  1.14447929e-01
  1.29854074e-02 -5.56436032e-02 -3.29732103e-03  2.36735884e-02
 -1.56632140e-02  1.14945315e-01  7.38612190e-02 -8.70681852e-02
 -1.37097044e-02 -3.12800556e-02  8.97588804e-02 -6.92743659e-02
 -3.89699675e-02  1.25132218e-01  1.27741685e-02  6.30383790e-02
 -1.57565251e-01  4.61383723e-02  5.14095798e-02 -1.33457705e-02
 -1.22020125e-01  7.98090920e-02 -2.35266890e-02 -3.05049941e-02
  1.01274908e-01 -1.75308615e-01  7.40164518e-02 -9.98406336e-02
 -9.45785865e-02  9.07536373e-02  3.48207839e-02 -8.88635032e-03
  5.07185422e-02 -1.14868350e-01 -2.42520552e-02 -2.05239896e-02
  7.93181285e-02  3.65973227e-02 -1.73196495e-02  3.43775488e-02
  2.78771836e-02  1.85861631e-04  9.63853449e-02  1.03152469e-02]