[ 3.21011543e-02  9.08283591e-02  1.77693933e-01 -8.00096393e-02
 -1.47277014e-02 -2.39756200e-02  2.53085513e-02  8.01756456e-02
 -1.05060507e-02 -6.56981692e-02  6.24440573e-02 -9.45904851e-02
 -8.82063955e-02  8.16301256e-02  1.59634992e-01 -1.41417101e-01
  6.67333603e-02 -5.37842959e-02  1.04007334e-01 -2.22612638e-02
  5.26468677e-04  1.19800836e-01 -3.95941697e-02 -2.40432471e-03
  4.79916558e-02  1.45709142e-02  4.02972437e-02  1.03756249e-01
  1.57155052e-01 -6.42577559e-02  1.37271229e-02 -2.49490350e-01
  9.62185934e-02 -3.81547143e-03  1.18038617e-01 -1.42992763e-02
  1.32561341e-01  1.45233840e-01  6.52146116e-02 -3.92243527e-02
  1.35784363e-02  1.13984756e-01 -1.31385215e-02 -4.32696380e-02
 -7.37904236e-02  4.50407118e-02 -2.30033062e-02 -7.55272359e-02
 -6.70299828e-02 -4.51221503e-02 -1.89431950e-01  1.06654249e-01
  1.72115359e-02  7.97655359e-02  2.87176501e-02  1.43922254e-04
 -4.16740589e-02  6.00322261e-02 -1.98443860e-01 -6.83602095e-02
 -7.50799775e-02 -4.16910760e-02  7.62969404e-02 -3.29831913e-02
  2.09209286e-02  1.59710765e-01  6.93149939e-02 -3.88550200e-02
 -1.78140402e-02 -2.28288630e-03  7.12025166e-02 -6.62377030e-02
 -1.19775664e-02  2.07776502e-02  1.34616151e-01 -6.51689842e-02
 -3.69644724e-02 -1.04687018e-02  1.33737221e-01 -6.06585816e-02
 -8.86822045e-02  8.63180310e-02  7.10538998e-02 -1.75068458e-03
  1.77449107e-01 -1.19609155e-01 -3.60130109e-02  8.21081698e-02
  7.09190890e-02  8.98222625e-02  1.60887688e-01 -7.17562810e-02
  3.93887646e-02  4.45869677e-02  6.67460039e-02 -1.99849993e-01
  2.68210173e-02  1.04821948e-02 -3.13496776e-02 -6.12961128e-03
 -1.05430022e-01  6.47588298e-02  8.24620761e-03 -9.62142274e-02
 -1.25412434e-01  1.53584450e-01  1.71973199e-01 -1.13220260e-01
  1.48734078e-01 -1.20561525e-01  1.34599134e-01 -2.76759360e-02
 -4.29207571e-02  9.41532329e-02  9.36485752e-02 -2.86529101e-02
 -9.69987083e-03 -1.06214225e-01  1.19414711e-02 -4.95489649e-02
  6.96430309e-03 -1.34070991e-02 -3.87839042e-02  3.02219279e-02
  8.43135789e-02  2.93529872e-02  2.05256984e-01 -1.20349899e-02]