[-0.06762633  0.20707385  0.06865065 -0.15253244  0.02392237 -0.00237877
 -0.0004094   0.05649215 -0.03697773  0.00583393  0.02430669 -0.12426773
  0.04369501  0.05658781  0.1023474   0.00180017 -0.02986517 -0.01696523
 -0.02840176 -0.06995425  0.07483185  0.01229476  0.05532187 -0.13208289
  0.11001728 -0.0261364   0.03632242  0.10399695  0.21397087  0.0225524
  0.05749293 -0.08797135  0.12893946 -0.00629751  0.04989606 -0.12040322
  0.07899661  0.16619408  0.11066435 -0.05877078  0.01854567 -0.03529469
  0.15097298  0.07172151 -0.0835615  -0.04497838  0.02604306 -0.03560403
 -0.11169851 -0.09080559 -0.12844972  0.04327864 -0.00777203  0.04468653
 -0.08322006  0.01633325 -0.00582655  0.03183716 -0.10558292 -0.16934836
 -0.1234457  -0.09439316  0.06108744  0.03952464 -0.0004784   0.23103671
 -0.06533043 -0.00086972 -0.07025442 -0.10671179  0.01037837 -0.05777537
 -0.03786648 -0.06384864  0.16269773 -0.04269658 -0.03295074 -0.10993924
  0.05354153  0.03161253 -0.01982172 -0.02192939  0.11663768  0.11898988
  0.06404168 -0.03331332 -0.03727299  0.07128807  0.12242854  0.04561524
  0.03688206 -0.12273574 -0.08251897  0.01629967  0.02487595 -0.14082456
 -0.08735226  0.20873044 -0.07470017 -0.02397    -0.07136732 -0.00746394
  0.07594771  0.08229512 -0.09269203  0.09688818  0.05124066  0.11693656
  0.21744765 -0.22628231  0.04707444 -0.00211547 -0.15274408  0.16072455
  0.0604356  -0.03776934 -0.06306845  0.04477087  0.08486462  0.05236332
  0.05500003 -0.03086823 -0.06087148 -0.01078253  0.01916129 -0.03695582
  0.09566676  0.03933934]