[-3.94791216e-02  1.59068316e-01  1.48284256e-01 -1.41091183e-01
  5.25116436e-02 -4.14622622e-03 -8.10988396e-02 -3.05140223e-02
 -1.21469140e-01 -8.17286521e-02 -2.40652841e-02 -1.13268040e-01
  2.22521368e-02  1.25430152e-01  7.48190284e-02  9.85339750e-03
 -3.78905013e-02  4.23502512e-02 -1.86838266e-02  1.36611145e-02
  1.13917075e-01  6.75642118e-02  1.35117024e-01 -1.43190026e-01
  4.59133834e-02 -3.07157785e-02 -6.34313673e-02  1.02318399e-01
  1.24455266e-01  4.99503314e-03 -1.15327006e-02 -1.56940252e-01
  1.02287494e-01 -1.67895015e-02  1.54290915e-01 -3.11118346e-02
  6.43185675e-02  1.81705579e-01  9.79672223e-02 -7.69043863e-02
 -1.05330229e-01  1.04962721e-01  1.37415648e-01 -2.63857394e-02
 -8.69400129e-02  4.87531126e-02  8.53165984e-02 -2.19362918e-02
 -1.41697139e-01  6.94672689e-02 -1.40868306e-01  1.21725677e-02
 -1.42360358e-02  1.24118455e-01 -2.47999728e-02 -5.81590869e-02
  9.48226973e-02  1.32786427e-02 -1.15931697e-01 -1.63044587e-01
 -2.52449792e-02  6.73478395e-02  6.18727617e-02  3.43584940e-02
  3.95482443e-02  1.45045802e-01 -7.52594694e-02  5.74512109e-02
 -7.47118890e-02  1.24144955e-02  1.08128279e-01 -3.05183027e-02
  2.54287254e-02 -2.46799905e-02  8.72400999e-02 -1.39278648e-02
 -8.31000805e-02 -1.54615149e-01  1.27549112e-01 -3.49196829e-02
  2.63178013e-02  5.02085872e-02  4.59084474e-02  9.22255591e-02
  2.22651064e-02 -4.18825150e-02 -1.15804240e-01  8.77552032e-02
  9.61908549e-02  9.83455330e-02  1.05128735e-01 -7.61959776e-02
  1.19755976e-02  2.36931797e-02  2.86220200e-02 -1.48270071e-01
 -8.50648358e-02  2.91494191e-01 -1.14378266e-01 -1.42039610e-02
 -4.14457135e-02  4.97599058e-02  2.89009176e-02 -1.59410480e-02
 -5.70898242e-02  1.27543777e-01  6.59190491e-02  3.59427966e-02
  2.11498588e-01 -1.24452785e-01  6.09152056e-02 -3.20793614e-02
 -7.45688006e-02  1.71721771e-01  1.94453597e-02  2.85718162e-02
 -2.81878114e-02  4.95311171e-02 -2.35086735e-02  1.72176100e-02
 -4.20476915e-03 -4.07435698e-03 -5.57158561e-03 -5.51270992e-02
 -1.80488303e-02  1.42543402e-04  1.60591170e-01  2.53176335e-02]