[ 2.36155950e-02  1.45273253e-01  3.68167795e-02 -1.01636602e-02
  1.47834301e-01  3.19535062e-02 -1.47627620e-02 -1.26951158e-01
 -3.51839885e-02 -3.98595072e-02  3.00075766e-02 -5.81483357e-02
 -8.71836245e-02  8.33929703e-02  3.95072959e-02  1.75262094e-02
  3.38881649e-02  7.20136240e-02  1.14899818e-02  5.58816409e-03
  4.56552394e-02  7.51249567e-02  9.36264992e-02 -2.52157331e-01
  5.20594604e-02 -9.44485962e-02 -1.26252785e-01  8.20110440e-02
  8.22029486e-02  1.57124810e-02 -2.82335412e-02 -2.12179925e-02
  5.89422323e-02 -6.61841705e-02  1.60503507e-01  6.68691546e-02
  6.24057129e-02  1.11119086e-02  1.11657098e-01 -6.80174008e-02
 -5.39190695e-02  1.26067668e-01  1.51145020e-02 -1.43670619e-01
 -1.06897056e-01  2.13580519e-01  1.10996133e-02 -1.36887226e-02
 -8.32335129e-02  2.00525639e-04 -1.46653593e-01  2.07847387e-01
 -5.37469871e-02  6.07052296e-02 -6.84424490e-02 -7.93780237e-02
  1.27137065e-01 -1.09564416e-01 -2.14602396e-01  8.79069865e-02
  6.06539194e-03  7.00826570e-02  5.93343750e-02 -6.68548346e-02
  1.07826471e-01  2.35439036e-02 -7.06346706e-02  1.46002933e-01
 -8.59894510e-03  1.71117470e-01  1.77066132e-01  5.56059033e-02
  1.03567475e-02 -4.76104505e-02  3.77552141e-03  9.17258933e-02
 -5.51354885e-02 -4.70937379e-02 -2.94374861e-02 -1.62717581e-01
 -2.75079086e-02  1.43351600e-01 -1.20284557e-02  1.34552598e-01
  1.61067806e-02  6.73978552e-02 -1.26058087e-01  5.82743026e-02
 -5.23540117e-02  7.90991411e-02  1.25608504e-01 -2.39678863e-02
 -3.42691280e-02  7.20822066e-02  5.09341061e-02 -1.78916976e-01
 -2.84795631e-02  1.10637248e-01 -6.16212115e-02  2.85022389e-02
  1.77551247e-02  1.67914554e-02 -3.28467134e-03 -9.95029807e-02
  2.08055750e-02  1.33861572e-01  1.49445310e-01  3.57486829e-02
  1.40247539e-01  4.54535894e-02 -1.52540971e-02 -1.24877557e-01
  2.30375025e-02  9.04111490e-02  6.18562289e-02 -1.08240610e-02
 -6.66100308e-02  3.79042439e-02  1.20212110e-02  3.41613516e-02
 -2.41442379e-02  2.34972201e-02  3.02180201e-02  2.24130899e-02
  9.54463184e-02  3.20536830e-02  1.69180125e-01  1.44567490e-02]