[ 0.02500117  0.10621057  0.13559952 -0.02412195  0.11362878  0.07416736
 -0.03937965 -0.04749952  0.00141875 -0.08052094  0.04724579 -0.0846243
 -0.09420327  0.03724848  0.08297039 -0.02753753 -0.00685062  0.14918476
 -0.04013459 -0.03053349  0.09178995  0.10598286  0.06546593 -0.17850617
  0.08343007 -0.12416361 -0.09764044  0.10201533  0.02862257 -0.03548745
  0.03471389 -0.14402604  0.06046415 -0.01021904  0.21582519  0.03174979
  0.05122125 -0.0201172   0.08302577 -0.13940954 -0.01972686  0.12266837
  0.08255386 -0.02744456 -0.11497946  0.00430835 -0.01296415 -0.00927694
 -0.07754928  0.06091725 -0.1300317   0.04593393 -0.05229839  0.07685942
 -0.05346188 -0.04183336  0.00516265 -0.07462765 -0.16965882 -0.0484795
 -0.03319793  0.03915755  0.06820235 -0.03708236  0.07282328  0.0947867
 -0.06572627  0.0509556  -0.06880475  0.15263818  0.17242047  0.01560745
  0.07009426 -0.07947637 -0.06211931 -0.01991904 -0.06014235 -0.11110198
  0.01253703 -0.14875178 -0.00330168  0.13453245  0.01790298  0.07307587
  0.04177129  0.0155098  -0.10989628  0.07154861  0.04206366  0.15109901
  0.16342802 -0.08773889 -0.06830817  0.00855632  0.05568575 -0.13682976
 -0.10343842  0.1310344  -0.14610636  0.04170075 -0.00561794  0.03391193
  0.02946785 -0.17657113  0.03650941  0.14502622  0.16400126 -0.0537994
  0.13766521  0.00849758  0.02552004 -0.10448449  0.01031767  0.13632025
  0.09512176 -0.06403745  0.00869267  0.04209189  0.02907117 -0.02657656
  0.03815039 -0.00092836  0.03947688  0.02623197  0.13491268 -0.03458567
  0.27246469  0.02379968]