[-0.11273344  0.08271942  0.06236031 -0.03786566  0.00071128  0.07614519
 -0.02537504 -0.04902407 -0.0882629   0.02305949  0.06021306 -0.08639289
 -0.05546153  0.07980862  0.13961697  0.00626692 -0.07823999  0.09673127
  0.13631913 -0.14274746  0.0445147  -0.02104229  0.04797748 -0.12944575
  0.14546147  0.03211078  0.00540363 -0.04069851  0.11313856 -0.01782773
  0.08445995 -0.07512135  0.10633058 -0.07662936  0.12549452  0.04307529
 -0.03948843 -0.02040606  0.08611391 -0.06369074  0.02490504 -0.01642718
  0.07081121  0.0866354  -0.10767586 -0.01314719  0.08620995 -0.10639678
 -0.16639368 -0.20526099 -0.14380328 -0.05659084  0.06825827 -0.0213838
 -0.08638944  0.13872063  0.00755521  0.10977159 -0.09190675 -0.0158318
 -0.10880068 -0.00437366  0.13586693 -0.02377327  0.19722454  0.26216534
 -0.07913864 -0.06856169 -0.06119225  0.05724648  0.01001807  0.00417531
 -0.01883061 -0.11370501  0.07988908 -0.05873913 -0.07650599 -0.11332028
 -0.04281879 -0.12519063 -0.07525129  0.02551805 -0.01177325  0.01109036
 -0.0841296   0.01364147 -0.04201245 -0.03445333 -0.04156467  0.04754769
  0.09554407 -0.01886836 -0.07730076 -0.03142253  0.08823457 -0.00278334
 -0.09587198  0.17799295  0.00490005  0.09818329 -0.08710491 -0.04149323
  0.05042662 -0.13724326 -0.006393    0.17274368  0.13995758 -0.02747791
  0.08775068 -0.14726906 -0.01225019 -0.05343717  0.0231701  -0.0673259
  0.13236915 -0.03601405 -0.01714753 -0.00408254  0.14034413  0.0056429
  0.09887193 -0.19100118 -0.04595087 -0.05627267  0.03493468  0.10874835
  0.11458045  0.08533153]