[-0.03591599 -0.00826273 -0.09912469 -0.05925233  0.07259607 -0.03986387
 -0.05438164 -0.06451991  0.06792337 -0.01988913  0.11903445  0.01280869
  0.01789094  0.15155303  0.09167991  0.00907617  0.11087827 -0.00328328
  0.13698326  0.02424965  0.01083255  0.06398337 -0.01565933 -0.13988939
  0.05383347  0.11970387  0.06736108 -0.0193512   0.07319944  0.07723424
  0.06515823 -0.01644171  0.23762985 -0.09424838  0.09167268  0.08359703
  0.15595451  0.08919722  0.13415478 -0.07736916  0.03308033  0.09949314
  0.0567668   0.0306951  -0.1070601   0.0035937   0.02991886 -0.09230994
  0.0218385  -0.21526618 -0.22696219 -0.06116158  0.06802944  0.04721057
 -0.02811298  0.07963813 -0.09735789  0.03361119 -0.21439211  0.03289874
 -0.13791279 -0.15102302  0.12152279 -0.06108707  0.1082648   0.15398441
 -0.00078061  0.0598613   0.07168927 -0.14583328  0.09084637 -0.08453181
 -0.03396526 -0.20063348  0.09774252  0.03413114 -0.06433889 -0.04501
 -0.05363409 -0.09659984 -0.04622042  0.12689762  0.0012517   0.06913252
  0.05635221  0.0291051   0.00522034  0.0398028  -0.00330092 -0.00967233
  0.04296004 -0.08456352 -0.0614452   0.08981812  0.07204241 -0.1199135
 -0.08791749  0.02465803 -0.02862058  0.02488524 -0.09782768 -0.08659089
  0.04618387 -0.12621416 -0.09797794  0.16532928  0.13495159 -0.09100829
  0.04149611 -0.0655586  -0.033408   -0.15430446 -0.03765987  0.04478101
  0.04398779 -0.06782045 -0.11748233 -0.10403118 -0.01383749 -0.05042887
  0.05510941 -0.04210672 -0.01973735  0.03188928  0.06232891  0.04910467
  0.07538167  0.06457876]