[ 0.04599522  0.1123127  -0.03355539 -0.0396326  -0.05827068 -0.0021732
  0.00659321 -0.11108618  0.0692154  -0.09303759  0.14438228 -0.0240468
  0.00730291  0.21645716 -0.02445781 -0.11611993  0.02981849  0.03435888
  0.06471413 -0.06034615  0.07674644  0.11771499 -0.06956942 -0.0107802
  0.02063737  0.01561528  0.08507709  0.07725129  0.07098695  0.20165828
 -0.0381287  -0.17197654  0.11211245 -0.09013379  0.1047578   0.031793
  0.01619081  0.11399889  0.01538731  0.02093166 -0.12112614  0.1520732
 -0.02727391  0.13750036 -0.07141576  0.022236    0.00993353 -0.09036993
 -0.008073   -0.10937836 -0.0520962   0.14427888  0.00348002  0.06375902
  0.04958653  0.08108629 -0.09485888  0.14501531 -0.0930577  -0.05656957
 -0.07967982 -0.13589676  0.20022002 -0.00161151  0.02381875 -0.02244101
  0.08557127 -0.01093119  0.00199037  0.07503124  0.18006295 -0.09164549
  0.04090236 -0.14527075  0.00480236 -0.00343896 -0.08567934 -0.09443788
 -0.0480916  -0.03178766  0.00422645  0.09561742  0.01937169 -0.01818487
  0.027585   -0.08683419 -0.02277874 -0.08954179  0.04284343  0.06578024
 -0.00917333 -0.18839563  0.0023158  -0.01790042  0.06675329 -0.18084998
 -0.02572526  0.00061358  0.08738526  0.02872263 -0.03639532  0.19775726
  0.08695342 -0.07670098 -0.19757202  0.10263376  0.07562127 -0.08706599
  0.04998909 -0.10573658  0.13191508 -0.122604   -0.11480349  0.0887035
  0.01468095  0.05556226  0.00514996 -0.09443397  0.02135166 -0.06170752
  0.00847716 -0.07681444 -0.04498491 -0.01504085  0.11000291  0.06661408
  0.17340212  0.06834009]