[-0.06995301  0.03708879  0.04469075 -0.04635069 -0.08197011 -0.02355223
 -0.02179871  0.04991007 -0.03035821 -0.07243549  0.03061859 -0.05481604
 -0.02097848  0.1173965   0.02227746 -0.05415237 -0.03298667  0.05696644
  0.13306828 -0.07888225  0.08979562 -0.00781535  0.08427052 -0.04983387
  0.03119284  0.04063112  0.13070893 -0.06104297  0.06808566  0.03363088
 -0.01521623 -0.16389453  0.22102016 -0.05006855  0.10253184 -0.04252123
  0.05447527  0.16603717 -0.07043619 -0.08904043 -0.04609171  0.03457414
  0.07442626  0.17260423 -0.15094809 -0.01939736  0.11165398 -0.18061727
 -0.13029921 -0.09814697 -0.1012891  -0.08163472  0.08158492  0.08479315
  0.0447864   0.12952885  0.0563077   0.07297844 -0.01846031 -0.14957961
 -0.07258102 -0.122009    0.12077663 -0.01266703  0.18473439  0.11544661
 -0.04070115 -0.13101679 -0.02692209  0.05145548 -0.02085603 -0.13031146
 -0.01827868 -0.13047639  0.07008338 -0.04663655 -0.05322266 -0.04574776
 -0.00828444 -0.11573976 -0.14010577  0.00049485 -0.02063028 -0.02072856
  0.01600875 -0.06352247 -0.03747993 -0.00964618  0.03586409  0.05853749
  0.04788762 -0.1022162  -0.07034566 -0.13147797  0.12190446 -0.02994412
 -0.02902637  0.24445029  0.04966777  0.07069696 -0.09171804  0.0566311
  0.11233291 -0.07599757 -0.07197221  0.03691029  0.08693139 -0.04579228
  0.0528989  -0.22494057 -0.00657732 -0.04544789 -0.01998405 -0.06523307
  0.09401736  0.00789606  0.07680232 -0.153238    0.10683639 -0.00815055
  0.05272982 -0.09380807 -0.0387677  -0.05055302  0.07391507  0.03672733
  0.16347018  0.08969189]