[ 0.15748082  0.13734251  0.00467758  0.00359079  0.0809093   0.09184824
  0.07718535  0.10201342 -0.11075559  0.01197999 -0.01510621 -0.01615139
  0.06753934 -0.00736099  0.01331284 -0.04038879  0.1087284   0.03960849
 -0.05372924  0.09968586  0.12039842  0.00362201  0.11853682 -0.00117606
  0.00719581 -0.17807907 -0.07365423 -0.00140267  0.05737141  0.11323246
 -0.07822254 -0.04955042  0.02454878  0.08657411  0.02066402 -0.11018327
  0.03899488  0.15173496 -0.05718908 -0.10846215 -0.13988212  0.03739632
  0.03583372 -0.01338322 -0.13530526 -0.00153843  0.0364297  -0.00316585
 -0.09035738  0.19615819  0.12525491  0.12952341 -0.08720003  0.05726183
  0.07820114 -0.08144774  0.06807245 -0.03424546  0.01059763 -0.14778152
 -0.02272579 -0.04744228  0.03609956 -0.16516739  0.03094948 -0.09082775
 -0.04283982  0.0430444  -0.16723683  0.09199372  0.06414864  0.06000296
 -0.05563051  0.00991821 -0.10013694  0.02598115  0.0883764  -0.02161364
  0.10189541  0.05139872 -0.07104743 -0.05654601  0.04327137  0.02362399
  0.1507064  -0.12490042 -0.08770069  0.04847123  0.20213239  0.12361476
  0.00104663 -0.11632983 -0.09068082  0.03929247  0.01333099 -0.12960707
  0.07634793  0.13229968 -0.10157254 -0.03197218  0.0817697   0.18830338
  0.01958446  0.08309852 -0.15866472  0.0157929  -0.01601039  0.00498738
  0.18059704 -0.05966764  0.0457756   0.06164211 -0.0720818   0.11030091
  0.07549992  0.02230194  0.05431828 -0.03642543 -0.01212029  0.13453205
 -0.05904999  0.05095578  0.04970236  0.03807333  0.09889098 -0.05269353
  0.23050621 -0.05891173]