[ 0.02341353  0.11358976  0.05359845 -0.13902067  0.17366852  0.07594521
  0.09024019  0.13529785  0.01298143 -0.03325249 -0.09452403  0.04758467
  0.09448777 -0.08397392  0.05885765 -0.05203803  0.00543402 -0.00911468
 -0.18162502  0.096255    0.09134439  0.12309328  0.04631867  0.01342305
 -0.03892954 -0.16246301 -0.10172613  0.04251177  0.11840504  0.09587768
  0.03359251 -0.01602309  0.03647088  0.10302345  0.03332012 -0.1276418
  0.09012477  0.08165824 -0.06075732 -0.03834631  0.05047027  0.00921401
  0.10240897  0.04795394 -0.13200447 -0.0731779   0.01822176  0.06461026
  0.01461685  0.20852233  0.00725876 -0.00680629 -0.09789935  0.0196186
  0.06242876 -0.06400448 -0.056133    0.0157322  -0.11037033 -0.11681152
 -0.09474189 -0.0361769  -0.00411969 -0.05104775 -0.0429369  -0.11201975
 -0.03226318 -0.00484667 -0.16459455 -0.05822769  0.0526931   0.04079266
 -0.03457828  0.03824766 -0.03323002  0.06839113  0.03084081 -0.03994013
  0.11876266  0.05627196  0.04431511  0.01667851  0.10768233  0.18292083
  0.17498332 -0.11281592  0.0102927   0.12825763  0.15730911  0.11514554
  0.0278661  -0.12390612 -0.12310532  0.04680219 -0.03143636 -0.09502727
 -0.04199645  0.09480444 -0.16706213 -0.03279237  0.04746993  0.04411368
  0.0008048   0.10970601 -0.17595139  0.01607116 -0.10111041  0.04174943
  0.14679345 -0.00233603  0.08750728  0.03987157 -0.18055722  0.17470358
 -0.05119887  0.01086481  0.04376002  0.01903449 -0.06158206  0.18743739
  0.0326269   0.11551537  0.00268642  0.03723784 -0.04315489 -0.09201217
  0.06539322 -0.0619767 ]