[ 0.04786077  0.08761954 -0.00753584 -0.14775161  0.10553361  0.0456263
  0.02253355  0.11121757  0.03990257 -0.03989272 -0.05363268  0.07316188
  0.0553382  -0.07763651 -0.08140589 -0.01712531  0.01228472  0.07698106
 -0.23060006  0.03186163  0.08210244  0.17498015  0.10797974  0.02735342
 -0.10209815 -0.08763051  0.05659545  0.04061702  0.04097478  0.06292927
 -0.05349868 -0.0797708   0.04221947  0.07859918 -0.00646131 -0.18758559
 -0.00230239  0.16226999 -0.09587805  0.0756889  -0.06719447  0.09452911
 -0.01212585  0.1170852  -0.11220548 -0.09793936 -0.03233464  0.00636905
  0.00631913  0.23075451  0.12088543  0.02065649 -0.12529346  0.03177442
 -0.03420585 -0.0796046   0.05324841  0.03456853 -0.02421661 -0.13331801
 -0.05180588 -0.07949173  0.04436294  0.0395744  -0.08101965 -0.24165674
 -0.04014871  0.07106489 -0.08890288  0.05621665  0.08941592 -0.01722337
  0.05002942  0.01083794 -0.09114318  0.02656569 -0.05552857 -0.0768176
  0.02143473  0.02353236  0.04516807  0.05727011  0.10289458  0.10186937
  0.0879202  -0.1442527   0.02968858  0.0624407   0.13526674  0.05595071
 -0.07358783 -0.13572915 -0.12793234  0.0084227   0.05942087 -0.05824563
 -0.03551696  0.06509475 -0.15483016 -0.02009235  0.04973178  0.08039317
  0.00626494  0.15261377 -0.11568283 -0.12517253 -0.1316497  -0.02210275
  0.09455536 -0.06578282  0.15116969  0.10118512 -0.0852069   0.222137
 -0.06306089  0.03311025 -0.02686474  0.00729462 -0.02978544  0.08223489
  0.00387265  0.12410418 -0.00538461 -0.04105423  0.03614669 -0.12230006
  0.02465086 -0.06291967]