[ 0.1308616   0.10144853 -0.00481273  0.01743879  0.03204606  0.05704198
  0.07765134  0.03342153 -0.05065625 -0.05075268  0.0718175   0.05635862
  0.06470304 -0.09912098 -0.0439426  -0.15818216 -0.03481481  0.07169691
 -0.10963546  0.12589286  0.04330909  0.09549106  0.05354673  0.07685421
 -0.05300933 -0.15029366 -0.00671597  0.00418719 -0.01076303  0.14012644
 -0.13372757 -0.16688588  0.01613572  0.08998513  0.045697   -0.12720504
 -0.0068681   0.05309898 -0.12565777 -0.01596559 -0.0526704  -0.00230508
 -0.01298423  0.16295058 -0.22761878 -0.07424913  0.02829437  0.03130523
 -0.01593665  0.25995108  0.12023076  0.05946039 -0.11402012  0.07230937
  0.0661642  -0.08362372 -0.05388025 -0.0214942   0.00423037 -0.08654957
 -0.05561922 -0.07093063  0.09438317 -0.00495571 -0.05447833 -0.19429138
  0.04155776 -0.08811902 -0.11730874  0.01924175  0.06869259 -0.01512904
  0.08458169  0.04723295 -0.07513098 -0.02360278 -0.02454519 -0.07270591
  0.07342742  0.12924588  0.03386739 -0.06323863  0.0443518   0.02524457
  0.10199998 -0.0586817  -0.02461428 -0.03782228  0.12514578  0.1303855
  0.0103122  -0.1589617  -0.06955175 -0.04131246 -0.09838131 -0.20452407
 -0.02303361  0.01375935 -0.02870416 -0.08413695  0.06033864  0.23280814
  0.117997    0.00753751 -0.11778716 -0.02333649  0.01609729  0.10850831
  0.07404043  0.0377568   0.17059521  0.03455486 -0.06893527  0.11936571
 -0.11143536  0.0266734   0.08440427  0.00608815 -0.01100264  0.05630278
 -0.03644046  0.00084601 -0.04010018  0.04221072  0.08590619 -0.0706932
  0.16597155 -0.00719612]