[ 0.07069422  0.05081668  0.02043193 -0.0817045   0.10041262 -0.04808373
  0.05786996  0.11348358 -0.01407172 -0.02290826 -0.05585558  0.07981207
  0.08975618 -0.06507138 -0.04302211 -0.00262498  0.05475421  0.01342528
 -0.16448592  0.19052795  0.05163202  0.1154495   0.07411432  0.05525002
 -0.12768447 -0.07483453  0.00800774  0.06004027  0.0568808   0.10560708
 -0.12770499 -0.02846693  0.09863673  0.11327213  0.00069643 -0.15842079
  0.08952812  0.18254898 -0.13133653 -0.0529302  -0.07426012  0.02659798
  0.10054972  0.05184164 -0.10560173 -0.0566987   0.0283956   0.03370181
 -0.00496611  0.27385879  0.08938505 -0.05480617 -0.10898363  0.07335629
  0.11148947 -0.09581951 -0.04041708 -0.0402712  -0.04603262 -0.09621391
 -0.03118795 -0.08681888 -0.00637819 -0.00160497 -0.03128844 -0.15995702
 -0.06892917 -0.03406394 -0.15370539 -0.08737285  0.01338778 -0.06877378
  0.01865214  0.06541456 -0.05613104  0.03063741  0.09257945 -0.02137946
  0.11803521  0.01474831  0.08137377 -0.03072037  0.0290379   0.07153246
  0.16252346 -0.14418638 -0.05347064  0.09199846  0.19535999  0.15686962
 -0.02014538 -0.11579041 -0.13080974  0.05312777  0.00670991 -0.02111367
 -0.01198082  0.06418112 -0.09931739 -0.06029052  0.05612367  0.08587343
  0.01054819  0.0883005  -0.13860221 -0.05507264 -0.06878708 -0.00166088
  0.1280634  -0.03366357  0.08452989  0.0897797  -0.07692366  0.18095158
 -0.07778033 -0.01184314  0.07321423  0.00191789 -0.09771796  0.10011505
 -0.04251065  0.13659088  0.04249008  0.01769451  0.02286668 -0.0899163
  0.09349471 -0.12848975]