[ 0.02413874  0.14162646  0.03572921 -0.1290814   0.12023846  0.10309686
  0.09136184  0.11174674  0.09284253 -0.01384603 -0.01013628  0.02127236
  0.1167233  -0.16764833  0.01972906 -0.02627367 -0.11521392  0.03805816
 -0.26864123  0.03588986  0.14127885  0.10322748  0.06463135 -0.00110528
 -0.05329076 -0.19055118 -0.08392687 -0.02340503  0.09495762  0.11746187
  0.02803281 -0.03193922  0.02859149  0.13194719  0.04947532 -0.15473664
  0.06686725  0.0822059  -0.03407319 -0.00123905  0.03206173 -0.07367729
  0.04568034  0.08533438 -0.11933438 -0.1425759  -0.01777517  0.08750243
 -0.00709257  0.19593708  0.00542283 -0.02121883 -0.11826278  0.03014159
 -0.00616936 -0.03986771 -0.03566832 -0.0274556  -0.13916266 -0.10725218
 -0.09936902 -0.0951652   0.05367868 -0.02311442 -0.04487298 -0.12381887
 -0.0306483   0.01047948 -0.13331786 -0.04114346  0.02144667  0.02501384
 -0.04488311  0.00327909 -0.0396916   0.01700961 -0.0070377  -0.06526202
  0.05511002  0.10189128  0.06598552 -0.02784374  0.09354433  0.17096409
  0.07705045 -0.02027595  0.03395149  0.06408568  0.13791032  0.11674708
  0.03756862 -0.19124994 -0.14362748  0.02729554 -0.09015962 -0.09853303
 -0.13928854  0.06415609 -0.10880757  0.00491269  0.1074665   0.01226485
 -0.01175914  0.09815839 -0.04197728 -0.03485529 -0.07574351  0.09821197
  0.11265026 -0.0034888   0.04632097  0.04527019 -0.17081521  0.15262569
 -0.03178237  0.06414535  0.0115116   0.09094844 -0.02157871  0.16928217
  0.06227837  0.0869194  -0.01653914  0.08485112 -0.00141655 -0.09461746
  0.04864447 -0.01839596]