[ 0.11542953 -0.00064009  0.03428075 -0.01177823  0.12169845  0.01424184
  0.12564334  0.08491988 -0.07655329 -0.00346275  0.02657107  0.13174665
  0.08315969  0.00835605  0.00714662 -0.15084149  0.0716932   0.1022227
 -0.10623643  0.13419741  0.03530033  0.12284896  0.05627447  0.14568277
 -0.08190054 -0.128006   -0.01653864  0.0306663   0.00588369  0.12099435
 -0.16072801 -0.10979436  0.01898738  0.07615137  0.00606521 -0.12331904
 -0.0350746   0.09492472 -0.19236793  0.0103323  -0.01375659  0.12275174
 -0.05143868  0.10764032 -0.25826433 -0.0576814  -0.02319014  0.00988065
  0.03799156  0.19436897  0.16132425  0.00166136 -0.14342256  0.02532433
  0.08898238 -0.0537115  -0.06168925  0.06919128 -0.00297315 -0.01392319
 -0.04333351 -0.06990457  0.0275482   0.00091863 -0.00461728 -0.20894216
  0.01678491 -0.01416863 -0.12351647  0.03239107  0.12821618  0.03048009
  0.1151371   0.02072465 -0.10749834  0.06321604 -0.02658943 -0.04077364
  0.09977823  0.02144318  0.0061262  -0.00974307  0.06025292  0.0038318
  0.10964354 -0.15264754  0.06093977  0.02333006  0.08667287  0.10031381
 -0.03871401 -0.11361752 -0.04817465 -0.02977003 -0.0650873  -0.17662202
  0.00469362 -0.05265241 -0.04271187 -0.05809485  0.0651465   0.20149265
  0.09871381  0.01983694 -0.16614899 -0.04808323 -0.05785624 -0.01459977
  0.08509085 -0.00160233  0.17433171  0.06761009 -0.04809763  0.12878045
 -0.10064498  0.02707589  0.03436032 -0.02656524 -0.09785818  0.07910462
 -0.07283068  0.02827355 -0.09950968  0.02467244  0.05999788 -0.01184218
  0.06392943 -0.06503937]