[ 0.07894868  0.03427414 -0.00915913 -0.11620266  0.12704882  0.0886831
  0.05391927  0.12990312  0.03196876 -0.01832968 -0.04565528  0.04892532
  0.10571634 -0.08450575 -0.05095817 -0.02728407 -0.0193151   0.12342071
 -0.2396068   0.01909363  0.14350529  0.13205014  0.12952214 -0.01628658
 -0.10597078 -0.16344406 -0.05169959 -0.03112677 -0.00772894  0.09301251
 -0.03465001 -0.04705593 -0.00078754  0.07351919  0.03745157 -0.16489373
 -0.02804381  0.10040099 -0.07549056  0.02854242 -0.08096136  0.08332297
 -0.06078719  0.09745027 -0.13827865 -0.14075829 -0.07822277  0.04115006
  0.04357856  0.22076768  0.11827932 -0.00475986 -0.11377754  0.03297025
 -0.06723171 -0.09109474  0.08923001 -0.02439661 -0.02906105 -0.10121663
 -0.01872538 -0.05739016  0.0115314   0.01667997 -0.05999888 -0.26466531
 -0.03430783  0.10004298 -0.06887688  0.04363921  0.10056687  0.0267172
  0.04427936 -0.05561969 -0.19265179  0.04237606 -0.05878806 -0.11684582
  0.02655449  0.06783288  0.04529424 -0.00366044  0.07341644  0.11713114
  0.07027692 -0.09091306  0.04454383  0.04971407  0.12440818  0.04776735
 -0.05561891 -0.11808112 -0.12788205  0.00828276 -0.02770323 -0.08092961
 -0.07259214  0.06179281 -0.18347789  0.03142293  0.1368269   0.08969313
  0.00173074  0.09780237 -0.02810662 -0.13534939 -0.10644218 -0.01329444
  0.10357473  0.01715457  0.07159302  0.03924324 -0.09949444  0.16967696
 -0.04913509  0.08950655  0.0029537   0.05654996 -0.06287242  0.08543631
 -0.01675751  0.08009756 -0.00937654 -0.01025825  0.04773505 -0.13253292
  0.02359708 -0.01549842]