[ 0.03025764  0.018602    0.02328211 -0.06492231  0.13120914  0.03841239
  0.09260164  0.02876872 -0.01275706 -0.06163692 -0.00239276  0.14873777
  0.08510859 -0.07515655 -0.0417142  -0.06272388 -0.10399405  0.02182074
 -0.17295532  0.15055831  0.07648038  0.05575934  0.0960351   0.17135382
 -0.04494606 -0.09662016  0.06098218 -0.00505971  0.07287841  0.13207448
 -0.09491863 -0.06143783  0.05771459  0.13435283 -0.04242881 -0.14173427
 -0.012025    0.09268534 -0.14626524 -0.01443494  0.06046625 -0.06678345
  0.07411738  0.12142671 -0.20987968 -0.1288923   0.04951136  0.05202504
 -0.01079809  0.2137737   0.05773554 -0.10768794 -0.06050799  0.02517598
  0.13430221 -0.0036965  -0.07613855  0.13737702 -0.08610929 -0.06428891
 -0.10235786 -0.05095855  0.12570499  0.03267792 -0.0008275  -0.05030929
 -0.08274312 -0.07861789 -0.19168949 -0.02801703 -0.05973605 -0.00459361
 -0.00032677  0.06605551  0.05158579  0.03003819  0.06785991 -0.07099827
  0.07846702  0.06858968  0.07016563 -0.05898499  0.08033495  0.05115348
  0.05079201 -0.0831529   0.03504912  0.07970801  0.08553301  0.1508151
  0.06871895 -0.17606325 -0.10524632  0.0338879  -0.07158595 -0.05537177
 -0.12804765  0.06362994  0.05365115 -0.06300201  0.07725777  0.0351629
  0.03862565  0.08654888 -0.10604916  0.00082408 -0.09234569  0.08557373
  0.05551236 -0.09997799  0.13905297  0.15803933 -0.0535172   0.13154033
 -0.07862487  0.05925184  0.03928337  0.09740214 -0.02286572  0.20902237
  0.02875291  0.01863811 -0.08382995 -0.01056733 -0.0897461   0.05889689
  0.01193475 -0.05685822]