[ 0.06440172  0.12469404 -0.00085215 -0.13692614  0.03866371 -0.01299456
  0.01921466  0.06017828 -0.11999017  0.15562604  0.045501    0.03488282
  0.11954998  0.12924053  0.07393036 -0.00537367  0.17047162  0.00402864
  0.01464059  0.1028825  -0.01139183  0.16584167  0.02879792  0.11857308
 -0.10631508  0.00356614  0.11014786  0.10712806  0.1387164   0.15787999
 -0.19258499 -0.07649585  0.08801242  0.04623284 -0.02102143 -0.05539504
  0.11652829  0.16761588 -0.02150703  0.08575624 -0.16314453  0.06026758
  0.01091646 -0.04604728 -0.098048    0.07820193  0.04803798  0.02412149
 -0.04596272  0.12133613  0.17464469  0.12894303 -0.14614554  0.08286431
  0.09718538 -0.01881363  0.03247641  0.02040197 -0.03123562 -0.01665106
 -0.04534316 -0.10713428  0.01722037 -0.07642768 -0.02700607 -0.1214398
 -0.00057654  0.09186769 -0.07853072  0.01120762  0.0760524  -0.00605766
 -0.04067853 -0.00388239  0.05734397  0.07427714  0.04307323  0.0924999
  0.13444738 -0.05090195  0.0648436   0.04105289  0.07123796  0.05778953
  0.10800803 -0.13288936 -0.03109678  0.02619396  0.1669085   0.13145962
 -0.11009053 -0.10342368 -0.00681813  0.13302936  0.00019269 -0.13219094
  0.03982232  0.01825848  0.01298469 -0.08607291  0.07533766  0.16406278
 -0.00706382  0.09278251 -0.17654839  0.00161477 -0.08533062 -0.12136856
  0.09411234 -0.07595259  0.09603613  0.07253069  0.00550188  0.14862445
 -0.06181435  0.0289125  -0.00931749 -0.07610708 -0.15995626  0.05825056
 -0.03089329 -0.01377555  0.03104938 -0.00025066 -0.00067845  0.05973097
  0.0396656  -0.08206985]