[ 0.04334936  0.16318518  0.15442631 -0.06297139  0.08069225 -0.03111239
  0.07144255  0.07261664 -0.09250839  0.02702159 -0.05119199 -0.06299042
  0.02774855  0.06087518  0.0691524  -0.0671562   0.11816069  0.09556882
 -0.01967147  0.02559687  0.12223107  0.07969148  0.04768068  0.00469032
  0.02176276 -0.10791614 -0.09129751  0.08000047  0.17720115  0.1068216
 -0.06925138 -0.1032548   0.07074546  0.00346912  0.1329096  -0.14099774
  0.07494119  0.17324814 -0.02877922 -0.12416754 -0.10333196  0.11543405
  0.07240361  0.01278124 -0.10974308  0.07619141  0.03819404 -0.02595731
 -0.08543193  0.0377997   0.04602839  0.13192967 -0.04650244  0.0343309
  0.05852913 -0.04835356  0.06193118 -0.027364   -0.03210052 -0.15547019
  0.02390792 -0.05327033 -0.03964384 -0.00819953  0.03374638 -0.04906486
 -0.03750458 -0.0074554  -0.11123065  0.05100605  0.10407546 -0.01127693
 -0.00796843 -0.03924974 -0.05635216  0.03395058 -0.01552286  0.01329037
  0.15778761 -0.04794062 -0.0456247   0.0702083   0.05190463  0.07678098
  0.21640112 -0.19249037 -0.07712923  0.08666249  0.14615805  0.11590219
  0.00322315 -0.03865828 -0.03977826 -0.00636867  0.01626644 -0.17169118
  0.05587495  0.16008326 -0.08802678 -0.04820157  0.05723123  0.1839634
  0.06890734  0.02965053 -0.16738793  0.00364699  0.04641929 -0.03223464
  0.26456165 -0.07252795  0.09563539 -0.02298433 -0.13794711  0.11278796
  0.04427966  0.01062172  0.00244795 -0.09296825 -0.08998939  0.03549167
 -0.05201979  0.0880468  -0.04268879 -0.00947979  0.05001647 -0.02200323
  0.18252082 -0.0632287 ]