[ 0.07493909  0.11018552  0.09607945 -0.00098765  0.11730743  0.07068577
  0.16416457  0.07372998 -0.10592522 -0.00118719 -0.03529003  0.07762133
  0.06971037 -0.14557831 -0.01024131 -0.04169801 -0.1036908   0.04019749
 -0.1892229   0.12867534  0.16035195  0.00405869  0.02353548  0.06484629
 -0.03440451 -0.13505571 -0.17957065 -0.09014351  0.06624803  0.15570036
 -0.15573321 -0.02261593 -0.04612074  0.11101766  0.02699172 -0.13918565
 -0.04503743  0.11612613 -0.14492789 -0.06245616  0.00187048 -0.01434707
  0.05024258  0.05375316 -0.136049    0.03817808  0.11909312 -0.03251956
 -0.17155725  0.14334899  0.10101648 -0.03400672 -0.13025568  0.02966059
  0.15512906 -0.03965274 -0.06907955  0.04482949 -0.05703428 -0.07810149
  0.02296636 -0.03545342  0.05333633 -0.02458395  0.0988365  -0.12398113
 -0.06397319 -0.01832324 -0.15750441  0.00204673  0.06194795  0.07975215
  0.02278129  0.03766278 -0.0513255   0.10263272 -0.0012669  -0.01546508
  0.1086604   0.04511813  0.00675395 -0.02482991 -0.0029502   0.04301122
  0.02426909 -0.0689329   0.03614301  0.04076665  0.08826093  0.15710098
  0.01944498 -0.15013722 -0.13268526  0.00466211 -0.137678   -0.05370671
  0.01893758  0.00617763  0.0229929  -0.00061545  0.06959686  0.10603993
  0.00987445  0.0503218  -0.18727486 -0.00082918 -0.0889156   0.15590462
  0.07691621 -0.04816695  0.1180945   0.09484252 -0.14757797  0.01162356
  0.03367525  0.07713018 -0.05491122  0.00956426 -0.07636315  0.12865227
 -0.05745256  0.0911447  -0.01249648  0.06760279  0.07393498  0.05193777
  0.10271134 -0.13408858]