[ 0.05918092  0.18189877  0.08914264 -0.09948376  0.09951837  0.02462383
  0.11948544  0.05516588 -0.16578858  0.06918523 -0.05977698 -0.01347246
  0.06506006 -0.02488569  0.09106321 -0.01089373 -0.02058479 -0.04062635
 -0.0827385   0.08405648  0.05950701  0.08211058  0.07718351 -0.00852704
 -0.02700534 -0.04746171 -0.09040156 -0.00965061  0.16570352  0.10655093
 -0.13217273 -0.03572052 -0.02224084  0.05838466  0.04781473 -0.12642255
  0.02614974  0.21104695 -0.04879542 -0.022622   -0.07259069  0.00632053
  0.02709284  0.03496437 -0.13417716  0.17840225  0.10200517  0.01711422
 -0.17208265  0.1088946   0.08192567  0.10569759 -0.12732217  0.02556115
  0.11287426 -0.08121391  0.00987042  0.06254266 -0.03832735 -0.07584231
 -0.00882116 -0.05668977  0.04313567 -0.01136339  0.08415566 -0.09011098
 -0.05844808  0.06443086 -0.10577926  0.03413257  0.06682499  0.08464563
 -0.00901616  0.0657867   0.00694357  0.04974093 -0.01561348  0.01913444
  0.15334813  0.03446588  0.04558585 -0.02189833  0.01227518  0.05007293
  0.0807988  -0.19099072 -0.01585392  0.06313719  0.12590918  0.13389891
  0.01570461 -0.07208072 -0.0876228   0.02548854 -0.06722414 -0.10522339
  0.09544875  0.07399825  0.02631982 -0.06706316  0.03396313  0.14431237
  0.0035924   0.07249723 -0.23752633 -0.00633985 -0.0900882   0.10370136
  0.22208856 -0.07939149  0.17183021  0.12957427 -0.14677924  0.08719231
  0.03513368  0.05073652 -0.05177514 -0.04253697 -0.08984154  0.11010459
 -0.03287888  0.09097607  0.0171091   0.06074722  0.03026912  0.00699288
  0.11089966 -0.11854259]