[ 0.11507532  0.03431648 -0.01594626 -0.05120774  0.03928715  0.03373569
  0.07176781  0.1108688   0.03044949 -0.05891814  0.0018976   0.09090302
  0.08002764 -0.08189478 -0.10692511 -0.10282726  0.0268615   0.07528219
 -0.19354478  0.05960109  0.07029381  0.15638465  0.03829177  0.083744
 -0.11147799 -0.11256062  0.02871872  0.02120597 -0.02011923  0.1247898
 -0.10424722 -0.11085128  0.02348858  0.06572459 -0.00237578 -0.19387555
 -0.04412367  0.11184276 -0.13527527  0.04885317 -0.09148874  0.0881111
 -0.06832604  0.13033633 -0.1183489  -0.13057272 -0.07867768 -0.00464553
  0.0480315   0.21568882  0.15982752  0.03761252 -0.06858388  0.03144471
 -0.01251171 -0.07682589 -0.0036238   0.01300502  0.00983038 -0.10576724
 -0.03854093 -0.08863505  0.04020733  0.03923222 -0.11934903 -0.25458053
  0.03140727  0.00777095 -0.1008022  -0.02322719  0.10412475 -0.05846073
  0.07886764 -0.02082193 -0.13834997  0.04331798 -0.04551633 -0.13234428
  0.03634824  0.12393515  0.04098729 -0.02898809  0.08246746  0.04357139
  0.11515363 -0.12330546  0.03523074 -0.01444877  0.11846443  0.05870984
 -0.10142194 -0.14136888 -0.08566349  0.02400585 -0.03383967 -0.09954511
 -0.007202   -0.04134741 -0.10217816 -0.03123229  0.09922039  0.17474946
  0.03921777  0.09420689 -0.13000116 -0.12895815 -0.06138367 -0.01576855
  0.04618236 -0.00557026  0.17724963  0.04656407 -0.08629271  0.1554974
 -0.09705035  0.06786143 -0.01452607  0.03647858 -0.04987532  0.03708652
 -0.05987229  0.04582136 -0.03829212 -0.03942375  0.10755749 -0.08828055
  0.05956266 -0.05525947]