[ 0.11926211  0.18974771  0.17045453  0.00179349 -0.07409406  0.07534286
 -0.02558617  0.11221619 -0.08934712  0.00272196  0.1042583  -0.14622632
  0.01022816  0.00741371  0.16567756 -0.07630685  0.05191809 -0.05775204
 -0.03120963  0.05738952  0.00792078  0.06350805  0.05738763  0.03616077
  0.03239816 -0.12333253 -0.00145831  0.0738239   0.08099978 -0.05316648
 -0.02931345 -0.14289974  0.02974671  0.10891689  0.0101689   0.01948936
  0.08568002  0.13215426 -0.03506086 -0.01829489 -0.09181059 -0.0412035
 -0.06853048 -0.08498839 -0.06370738  0.08734938  0.01671578  0.00944849
 -0.17016193  0.14959432  0.02770199  0.21182972 -0.09256252  0.07481782
  0.03218399 -0.07618059 -0.01955927 -0.1005009  -0.00875483 -0.11613952
 -0.07498215 -0.03061727 -0.02014057 -0.11865675 -0.0305841   0.06249127
  0.07632633  0.03603988 -0.09468079  0.11600713  0.03844082 -0.01910382
 -0.03045986  0.03957937  0.09715641 -0.08293094  0.02479564  0.03492504
  0.12328753  0.09170088 -0.03615455 -0.06477031  0.00913511 -0.07684798
  0.13670936 -0.03807145 -0.1027351  -0.00221743  0.10828005  0.18602419
  0.08483274 -0.09600543 -0.01262165  0.07048363 -0.06325237 -0.14185339
  0.06055872  0.00609048 -0.01168933 -0.09114026 -0.00604991  0.15449286
 -0.01479025 -0.01551891 -0.09202988  0.09882811  0.05137874 -0.00436269
  0.17641868 -0.10881021  0.0689884   0.11066982 -0.04266153  0.06531303
  0.09112158 -0.0432827  -0.0076573  -0.07849408  0.03039144  0.0480151
 -0.00897602  0.00148104  0.04428554  0.12756158  0.19284539 -0.03955349
  0.3129338  -0.04150667]