[ 0.094446    0.20895292  0.17884825  0.01976332 -0.05631197  0.10729855
  0.00870208  0.0989304  -0.05193419 -0.04938461  0.09000439 -0.09633128
 -0.03521709 -0.05558299  0.14862917 -0.09416963 -0.04553735 -0.05829798
 -0.0602995  -0.01137746  0.02703704  0.06198115  0.03342725 -0.01169386
  0.09409437 -0.15016669  0.00740503  0.08052805  0.04698224 -0.02582994
 -0.00468221 -0.13322151  0.04065901  0.13930057  0.01950781 -0.0416402
  0.08475854  0.05462009 -0.00690076 -0.02699309  0.002997   -0.09723818
  0.0282002  -0.04008399 -0.08373246  0.00662689  0.0343035  -0.03967288
 -0.17001641  0.15128103  0.02708849  0.16351885 -0.08473588  0.08840699
  0.04033224 -0.03773079 -0.06143074 -0.08658013 -0.07061397 -0.10738819
 -0.09621437 -0.07171267  0.00237238 -0.11442233 -0.00538375  0.11252086
  0.03911915 -0.03174977 -0.13666563  0.12050709  0.01155705 -0.00846563
 -0.04009517  0.05732097  0.11148153 -0.07067918  0.03865483 -0.04828444
  0.06765348  0.10352542 -0.04722356 -0.07924201  0.06784251 -0.02414663
  0.09803051 -0.01393695 -0.07279585 -0.01517065  0.08590366  0.19156343
  0.09411411 -0.15855263 -0.06576019  0.03552886 -0.07859036 -0.12098396
  0.01855312  0.02571747  0.00255669 -0.04752604 -0.04424087  0.11432068
  0.01389755  0.00781138 -0.06260233  0.10387903  0.05346112  0.08316684
  0.10355686 -0.12860315  0.05738078  0.06668584 -0.08821822  0.06486493
  0.10501471 -0.07503527  0.0466793  -0.02120359  0.11830754  0.09379865
  0.07331043 -0.00143474  0.03426524  0.10940193  0.22412699 -0.06099664
  0.34999356  0.00176319]