[ 3.73417288e-02  1.69052780e-01  1.86146572e-01 -1.11044478e-02
 -1.33151785e-01  6.42262176e-02 -4.22263071e-02  1.73492253e-01
 -1.28755510e-01  3.27953100e-02  4.43908125e-02 -1.22975692e-01
  1.15347859e-02  1.73065066e-02  1.74745291e-01 -1.22613207e-01
 -1.43842921e-02 -9.81265828e-02  2.86099669e-02  1.67369749e-02
 -4.12880927e-02  1.89668518e-02  9.01218802e-02 -6.92407554e-03
  1.14744119e-02 -9.75925997e-02  2.40692217e-02  4.94333804e-02
  8.90387601e-05 -9.56437215e-02 -4.81428988e-02 -1.80654347e-01
  7.19116777e-02  1.02012217e-01 -2.09994037e-02  6.66888943e-03
  8.87433514e-02  1.37550250e-01 -7.69681111e-02  3.37929204e-02
 -6.89980090e-02 -7.58807212e-02 -6.11868650e-02 -9.60106701e-02
 -9.01220888e-02  7.84447938e-02  5.10647334e-02 -5.76140210e-02
 -1.71434581e-01  1.58442661e-01  6.06871471e-02  1.77451521e-01
 -7.96609819e-02  1.16423942e-01  5.53986020e-02 -3.19008082e-02
  3.94618362e-02 -1.29060224e-01  2.36296300e-02 -1.11584768e-01
 -6.80716112e-02 -2.86629032e-02 -7.62633309e-02 -1.19015045e-01
  1.84239801e-02  6.17089048e-02  8.20596293e-02  2.30601970e-02
 -7.80341178e-02  1.29423723e-01  2.71486677e-02 -1.41143883e-02
 -3.70036587e-02  6.98245615e-02  1.45145565e-01 -3.01119275e-02
 -6.57944940e-03  1.36861056e-02  1.25042528e-01  7.75882155e-02
 -1.24372877e-01 -1.27706364e-01  5.06323017e-02 -2.21445709e-02
  7.32912868e-02 -1.72748584e-02 -5.51458113e-02 -3.71654029e-03
  1.19371459e-01  1.36203632e-01  1.34544056e-02 -9.57354754e-02
  6.24231212e-02  2.02496685e-02 -9.37375650e-02 -1.35279566e-01
  8.21982324e-02  5.28141856e-02  1.24405022e-03 -6.50737137e-02
 -3.74708027e-02  1.70080110e-01 -5.77582920e-04 -1.09591987e-02
 -4.29828465e-02  7.08796680e-02  1.51091265e-02  1.18648941e-02
  9.85145643e-02 -1.28656030e-01  1.98741909e-02  8.61201510e-02
 -3.23526189e-02 -5.88097703e-03  5.73231913e-02 -3.52585763e-02
  4.99209650e-02 -1.01354435e-01  7.29885846e-02  5.99713549e-02
  2.42255982e-02 -3.74897011e-02  2.15688124e-02  8.34999457e-02
  2.08087221e-01 -2.99073942e-02  2.98372954e-01  3.18108164e-02]