[ 0.07821272  0.20481803  0.17924024 -0.00477888 -0.11503904  0.09807321
 -0.03359945  0.15674493 -0.03742631  0.01190626  0.08866784 -0.12347206
 -0.02136876 -0.08286077  0.07542344 -0.03965271 -0.04362469 -0.01606053
 -0.08054686  0.02403694  0.04747764  0.07725316  0.07269172 -0.00033796
 -0.0461885  -0.11223447 -0.02206731  0.04230109  0.07249322 -0.07088927
 -0.06664226 -0.15416297  0.02742072  0.10625151  0.01139263 -0.04074033
  0.08681299  0.16044559 -0.03048311  0.05389341 -0.13204023 -0.02499212
 -0.09312678 -0.11611874 -0.02823504 -0.03019017  0.03267089 -0.04882738
 -0.15918368  0.22762704  0.05167665  0.19763158 -0.13076109  0.1430881
  0.00729969 -0.0717302   0.09523746 -0.15696208 -0.03586258 -0.13948278
 -0.04662352 -0.03491767  0.00482672 -0.12108455 -0.03738152  0.00232851
  0.08592235  0.00684943 -0.06913339  0.14400662  0.02898532 -0.01018721
 -0.00486514  0.13550298  0.06855103 -0.10373454  0.00267754  0.01090033
  0.08755016  0.02787132 -0.02842623 -0.02128684  0.02939767 -0.03681948
  0.12871107  0.00568021 -0.09923042  0.01149808  0.1564272   0.14356546
  0.06480131 -0.11535728 -0.02826944  0.05950512 -0.01476221 -0.12083778
  0.03557498  0.04898384 -0.04736182  0.00340567  0.00813469  0.10624965
 -0.04390868  0.00582897 -0.0052176   0.06353525  0.06777928 -0.03846074
  0.12169231 -0.09176306  0.02489304  0.12153476  0.00946843  0.0479858
  0.09449196 -0.01874259  0.04585576 -0.0530199   0.05083862 -0.00513265
 -0.00625184  0.02374789  0.10490218  0.07164565  0.18625543 -0.04265344
  0.30547673 -0.00151878]