[ 0.04569992  0.02983307  0.08178332 -0.04193053  0.00957374  0.13295735
  0.07106213  0.16911422 -0.07975067 -0.02430931  0.00392533  0.03585155
  0.1139957  -0.05956967  0.10682677 -0.1536672  -0.07640639 -0.08338352
 -0.09920681  0.15637985 -0.00059391  0.00839988  0.06844036  0.21071546
 -0.05065278 -0.19418976 -0.0313746  -0.02016161 -0.00718507 -0.00678578
 -0.02763469 -0.21146223 -0.02189714  0.12009215 -0.09323835 -0.01467108
 -0.01525182  0.0300688  -0.19511151  0.09251508  0.05531302 -0.05622544
 -0.0410596   0.02174209 -0.17090274 -0.11853414  0.03657245  0.02636248
 -0.0335909   0.26816446  0.03375647 -0.11442693 -0.0904356   0.05423014
  0.08410258  0.01208324 -0.10994664  0.11629353  0.01627016 -0.06238858
 -0.12906724  0.07435276  0.02873933 -0.12375614 -0.02496181 -0.03005089
  0.07773724 -0.08446589 -0.18582301 -0.06187907  0.02039382  0.0758095
  0.03163645  0.10421701  0.11061204  0.05615164  0.02036778 -0.02776389
  0.16158701  0.13355896 -0.01243593 -0.15813239  0.05383282  0.01750174
  0.02864682  0.05285977  0.04517135  0.01861252  0.0682974   0.08007756
  0.04517505 -0.17076887  0.04415204  0.00072265 -0.11375009 -0.11381181
 -0.04413068 -0.02270755 -0.02568875 -0.01126249  0.00294184  0.07425518
 -0.00114107  0.01433674 -0.14288718  0.09940859 -0.08016783  0.0298701
 -0.03098279 -0.03857193  0.08400406  0.13378218  0.03167243  0.04158336
 -0.11135114  0.07381302  0.03873635  0.08996828 -0.05984695  0.16005683
 -0.0404988  -0.0971075  -0.0828096   0.05865974 -0.02738533  0.05277222
 -0.0114203  -0.01968492]