[ 2.35995669e-02 -5.72913811e-02 -4.88945469e-02  6.81595579e-02
  2.65686642e-02 -2.66898591e-02 -1.96552146e-02 -3.65414433e-02
  1.13727003e-02 -2.19790220e-01 -2.40541510e-02  8.69242474e-02
  3.13784629e-02 -1.49137340e-02 -1.51104301e-01 -7.57973408e-03
 -1.33013025e-01 -8.94757286e-02 -7.17241466e-02  1.81970835e-01
  1.86851203e-01 -2.01492742e-01  1.07917584e-01 -3.42767425e-02
  4.93354537e-02 -6.25796169e-02 -1.34101510e-02 -1.26472726e-01
 -1.66260898e-01  1.01957224e-01 -6.74490705e-02 -5.47344275e-02
  1.08609281e-01  7.09029213e-02 -7.39396689e-03 -5.67818573e-03
 -8.89725611e-03  1.45331338e-01 -9.74548534e-02 -1.71335578e-01
 -2.91767567e-02 -6.48780167e-02  1.26733154e-01  1.44861108e-02
 -4.40511443e-02  2.67533548e-02  1.29075468e-01 -1.03889264e-01
 -7.63230175e-02  1.36654496e-01 -8.13405216e-02 -1.30933926e-01
  5.43411635e-02  1.16594650e-01  2.19522953e-01 -3.36813629e-02
 -3.21117081e-02 -1.13802012e-02 -9.08404961e-02 -1.28339022e-01
  5.20188697e-02 -2.73255892e-02  8.81601498e-02 -2.83294879e-02
  1.20907903e-01  1.47837726e-03 -1.22865580e-01  4.97321747e-02
 -6.07131869e-02 -2.03708801e-02  1.93614559e-03 -3.53144892e-02
 -6.11314885e-02 -1.09536506e-01  5.39773814e-02  1.15747601e-01
  7.43107945e-02 -6.33961707e-02  1.30459005e-02  1.30677819e-01
 -1.28419429e-01 -1.12028867e-01 -3.79781388e-02  2.99532595e-03
 -1.36371627e-01  8.13337266e-02 -2.65293084e-02  7.73487687e-02
  4.98722605e-02  5.11830598e-02  2.57707089e-02 -1.86218962e-01
 -2.61806771e-02 -8.05927484e-05 -1.13606475e-01  6.62870996e-04
 -4.36723568e-02  8.98914859e-02  7.92661235e-02 -3.15848775e-02
  1.03176516e-02 -2.07517091e-02 -2.75525488e-02  1.29658058e-02
 -5.70886210e-03  5.17491437e-02 -5.65222241e-02  1.96198121e-01
 -9.55625549e-02 -1.16513379e-01 -8.35447684e-02  1.57565754e-02
 -8.82646367e-02 -6.64871978e-03  4.62729111e-02  1.06721520e-01
 -3.45711075e-02  3.82862724e-02  3.14078927e-02  1.67505607e-01
 -6.91057444e-02  9.81715769e-02  4.24445345e-04  2.31477506e-02
  7.87287578e-02  5.44042997e-02  1.45628974e-01 -1.43599389e-02]