[ 0.19606777 -0.10616083  0.05451188  0.05977885  0.07850078  0.12844992
  0.04945899  0.08412898 -0.02142662 -0.18923964  0.16116181  0.12342855
  0.04529646 -0.07920958  0.01325666 -0.06762759 -0.01109296  0.04582684
 -0.19331835  0.13878866  0.11411332  0.12379468  0.0655322   0.13512807
 -0.01888163 -0.13278241 -0.00342307 -0.02754021 -0.08653967  0.00926192
 -0.03754083 -0.06151756 -0.025996    0.19970666 -0.08250614 -0.02516227
 -0.04943824 -0.02131498 -0.06642336  0.07062428  0.07277001  0.04128864
 -0.05632614  0.05562985 -0.1741599  -0.24142177 -0.03223568 -0.03886323
  0.03987453  0.2716074   0.07024993 -0.08867155 -0.16531333  0.10491627
  0.013158   -0.07194798 -0.08121139  0.06818326 -0.06158501  0.04411187
 -0.0985081  -0.02801619  0.07062382 -0.06902543 -0.07920457 -0.10982454
  0.04770411 -0.03826128 -0.08655013  0.06079657  0.04663277  0.03640285
  0.08494382  0.08197929 -0.0383435  -0.08156051  0.02371556 -0.10846942
 -0.04026419  0.13266772  0.0425756  -0.04112724  0.08924543 -0.07029969
 -0.0029318   0.07882868  0.08478151 -0.04931503 -0.05172286  0.0571089
  0.119056   -0.19357461 -0.12161988  0.03277361 -0.06225539 -0.07067805
 -0.12138075 -0.07979456 -0.08154     0.01621841 -0.03995199  0.04716507
  0.0347349   0.07767634  0.01249881  0.03690621 -0.02451982  0.06276979
 -0.02894125 -0.07205856  0.03027748  0.08080795 -0.01311972  0.12416114
 -0.01796117  0.00835294  0.09440935  0.03521282  0.00353701  0.12068368
  0.01150681  0.02809333 -0.0237705   0.09344435  0.08552609 -0.07517423
  0.13189249  0.03283589]