[-0.04526109  0.1642658  -0.08399206  0.03659767 -0.00437936  0.02129996
  0.07510135 -0.07541135  0.14825518 -0.01498351  0.08114946 -0.01678485
 -0.01629873  0.05422568 -0.02467423  0.00483561 -0.00049767 -0.0065381
 -0.04701113 -0.04291441  0.03445927 -0.08601303 -0.10091121 -0.07304782
  0.06425294 -0.04487788 -0.07009877  0.03388479  0.13371699  0.11621776
  0.08965592  0.16780257  0.09210838 -0.01660664  0.01587982  0.04951736
  0.03926397  0.06984974  0.02230293 -0.10687202  0.02789059 -0.04861395
  0.06281526 -0.00282854  0.04780024 -0.01480402  0.01376007 -0.0320425
 -0.09949986 -0.17959164 -0.18793635  0.08326439  0.06168107 -0.05117381
  0.00134378  0.12330426 -0.18780242  0.08705346 -0.1642935  -0.0149359
 -0.16073465 -0.05823851  0.17637552 -0.13297474  0.07988954  0.261949
 -0.01455159 -0.05362701 -0.14840224 -0.0234476   0.0060416  -0.08113959
 -0.06584347 -0.02063512  0.05497279 -0.00541786  0.10034619 -0.10609532
 -0.09327146 -0.12808618 -0.06702474  0.04227814 -0.08479692 -0.04565805
 -0.01028152  0.03626765 -0.07502188 -0.04987497  0.05083982  0.10471694
  0.11129571 -0.16948982 -0.0853815   0.03343569  0.14718449  0.03159593
 -0.05334986 -0.02268093  0.06071791  0.09371187 -0.0206744  -0.08266213
 -0.03321482 -0.02326571 -0.11568142  0.20052734  0.08347778 -0.0004969
  0.05422093 -0.11493895 -0.03687183 -0.01733726 -0.09370738 -0.00555267
  0.15373565 -0.07519718 -0.02182505 -0.00361789  0.23475607  0.06233255
  0.06156373 -0.06393585  0.03004432  0.07282035  0.08105738  0.07320599
  0.10862823 -0.06547473]