[ 0.03452456  0.09691158 -0.01326904  0.02616935 -0.06848578  0.15092772
 -0.00280652 -0.00360556  0.0819363  -0.063963    0.16013382 -0.07150061
 -0.01343616 -0.05247708  0.00975781  0.0010154  -0.09890293 -0.07746778
 -0.02087901 -0.02413242  0.08969102 -0.08619551 -0.01672599  0.03747421
  0.09827317 -0.03236745  0.04210446 -0.01635306  0.11510906 -0.0216277
  0.13703364 -0.06542901  0.01011515  0.03220046  0.00887098  0.05188346
  0.0005551   0.06129108  0.07855358 -0.06942423  0.01356023 -0.11654759
 -0.02920563  0.01691686  0.02089399 -0.16707581  0.00395683  0.01427521
 -0.11305691 -0.02997996 -0.17781432  0.06299122  0.04848274  0.01061039
  0.00245934  0.04838705 -0.11842729  0.10503913 -0.15067373 -0.12530297
 -0.16789788 -0.03766606  0.25791994 -0.13119024  0.00960225  0.2721436
  0.02852274 -0.04429716 -0.11542052  0.0029871  -0.07997886 -0.01726735
 -0.09558404  0.01987537  0.12835065 -0.14422981  0.08734857 -0.06247099
 -0.00182096  0.09783632 -0.0370239  -0.06894575  0.01512367 -0.10353242
 -0.00920893  0.03405222 -0.0522754   0.00959458  0.07714802  0.07137495
  0.18431184 -0.14893097 -0.05235214  0.09017248  0.05196396 -0.05941671
 -0.06499662  0.0223291   0.02559588  0.02962973 -0.01064724 -0.07069767
 -0.08345621 -0.04619922 -0.00833678  0.22014026  0.12225801  0.00248403
  0.06315207 -0.14743094 -0.00953864  0.09725085 -0.00271034  0.02827434
  0.19249403 -0.00044129 -0.02257605  0.07545976  0.18902439  0.08474681
  0.04482117 -0.13996892  0.04078973  0.04353277  0.03558915  0.09266963
  0.16464788  0.03663993]