[-9.80520621e-03  6.05304376e-06 -5.41499853e-02  6.38411790e-02
 -1.50118656e-02  1.94705144e-01 -2.63700495e-04 -2.92590205e-02
  4.50285599e-02  1.93714388e-02  8.90734270e-02 -4.03780304e-02
 -2.64769159e-02  1.51464259e-02  8.96861181e-02 -4.40183468e-02
 -8.72370899e-02 -3.60238627e-02  4.36236896e-02 -4.96207811e-02
 -2.56398693e-02 -1.49800196e-01 -7.37364357e-03  3.26615907e-02
  1.40233576e-01 -9.52064171e-02 -5.83122484e-04 -1.56073766e-02
 -7.08978251e-02 -7.23345578e-02  1.57552212e-01 -3.61138321e-02
 -4.21129465e-02  2.95366067e-02 -1.33060105e-02  1.57312110e-01
 -7.26135001e-02 -1.33712322e-01 -6.29097875e-03 -7.71912187e-02
  8.19283351e-02 -1.27692699e-01 -2.37821881e-02 -3.14412341e-02
 -2.39713467e-03 -1.19162306e-01 -3.44769061e-02  6.86116517e-02
 -5.92898838e-02 -2.16997545e-02 -1.18958764e-01 -5.09127043e-02
  6.49876967e-02 -7.29043856e-02  1.16889626e-02  9.81651917e-02
 -1.77096620e-01  1.14608198e-01 -5.88579774e-02 -2.26738695e-02
 -1.32297873e-01  8.58682245e-02  1.60930976e-01 -1.85065657e-01
  6.90955892e-02  3.10231417e-01 -6.49255607e-03  2.43143197e-02
 -1.33064047e-01  6.75373375e-02 -3.22873890e-02  1.04987107e-01
 -5.91870211e-02 -3.82266529e-02  6.19064867e-02 -3.60562168e-02
  9.72589329e-02 -8.07340443e-02 -1.67243760e-02 -3.04522488e-04
 -6.87627122e-02 -9.85871032e-02 -2.74444688e-02 -1.07588157e-01
 -1.30912691e-01  6.53805733e-02 -2.62899604e-02 -1.59390979e-02
  4.01578955e-02  7.53409564e-02  1.37761742e-01 -8.31274912e-02
  3.74524780e-02  4.02374342e-02  1.30993892e-02  2.84212548e-02
 -7.36260936e-02 -6.39738217e-02  3.78358401e-02  4.56826426e-02
  2.48532817e-02 -8.97456482e-02 -7.21883699e-02 -1.74375176e-01
  1.46756861e-02  2.29061544e-01  3.26241516e-02 -8.20025578e-02
 -9.48412418e-02 -1.49516705e-02 -1.58199985e-02  7.33985379e-02
  1.26422331e-01 -6.64746165e-02  1.32886112e-01 -3.62960286e-02
 -4.81550535e-03  1.41742185e-01  1.66942745e-01  9.59907398e-02
  7.49115124e-02 -2.07346484e-01  2.47797966e-02  5.72641417e-02
  2.36673951e-02  1.25198528e-01  7.69061297e-02  2.67534051e-02]