[-2.38522477e-02  1.78950816e-01 -1.72829732e-01 -4.24789498e-03
 -5.60701452e-02  8.70921612e-02 -4.28449828e-03 -2.63868086e-02
  1.41777517e-02  2.34457925e-02  8.81380886e-02 -6.72205314e-02
 -7.23635545e-04 -9.81133059e-03 -6.96712220e-03  1.21352850e-02
 -4.98234620e-03 -1.20318562e-01  1.17827892e-01 -4.79260683e-02
 -6.42999448e-03 -1.42168120e-01  8.81753210e-03 -3.71471643e-02
  9.58892629e-02 -2.06712633e-02  5.75710461e-02 -4.66559827e-02
  1.54339939e-01  3.50091681e-02  9.67894942e-02 -9.04682209e-04
  6.51259571e-02 -6.52053580e-02 -4.57900204e-02  1.77230947e-02
  3.31664905e-02  6.41134083e-02  1.05883755e-01 -8.44761916e-03
 -1.33087961e-02 -1.05451502e-01 -3.10408100e-02 -3.90985981e-02
  2.18685046e-02  2.80460473e-02  6.08142689e-02 -2.72512306e-02
 -1.47862136e-01 -1.45124793e-01 -1.94205552e-01  1.22299694e-01
  1.17169142e-01 -4.60666046e-02 -8.72239843e-02  8.80006850e-02
 -1.52502982e-02  1.05585217e-01 -1.32034108e-01 -3.42457965e-02
 -1.40142545e-01  1.67647209e-02  2.28477567e-01 -1.80245012e-01
  4.81900834e-02  2.59595364e-01  1.86393261e-02 -8.85677896e-03
 -7.85346627e-02 -9.16170999e-02 -8.00326467e-02 -2.26519406e-02
 -1.63664445e-01 -2.76827766e-03  1.93538427e-01 -1.19452430e-02
  7.11051598e-02 -3.73911299e-02 -3.37735675e-02  4.50385436e-02
 -1.44616202e-01 -6.12939335e-02 -3.24282907e-02 -2.62234304e-02
 -1.76161677e-02  1.00096904e-01 -9.38683897e-02 -6.13537580e-02
  2.85629351e-02 -3.44897434e-02  9.11655501e-02 -9.12954956e-02
 -1.18130520e-02  9.80166867e-02  1.23120442e-01 -7.63762593e-02
  8.02163128e-03  4.16725464e-02  5.07900193e-02  2.43270081e-02
 -4.29439507e-02 -1.08177848e-01 -6.24902882e-02  2.70690471e-02
 -1.06291190e-01  2.06436276e-01  1.05887316e-01  5.51337004e-02
  9.55220405e-03 -1.28902867e-01  4.12425771e-03  2.18490344e-02
  3.81946787e-02 -4.60930280e-02  1.03383280e-01  5.36180101e-03
 -1.31582841e-01  3.95292193e-02  2.20216855e-01  8.79588351e-02
  6.49479116e-05 -1.52315602e-01 -2.84162983e-02  2.02441327e-02
  3.90379340e-03  1.25634357e-01 -2.55775242e-03 -6.15657866e-03]