[ 1.90142803e-02  9.90954116e-02 -5.30301258e-02 -1.66865590e-03
 -2.75241584e-02  1.38653517e-01  1.20061049e-02 -1.99501757e-02
  7.64857158e-02 -1.41316708e-02  1.36996597e-01 -8.23353752e-02
  6.59789803e-05  3.86194550e-02  9.41182747e-02  3.68033834e-02
 -1.30703431e-02 -5.84949404e-02 -4.00311090e-02 -8.27382654e-02
 -4.57382435e-03 -4.12202179e-02  1.54704298e-03  7.16823246e-03
  9.75492746e-02 -4.54249829e-02  4.68278639e-02  2.21015848e-02
  1.13155045e-01 -3.44402194e-02  1.63743794e-01  6.03636280e-02
  1.45770777e-02  2.26534642e-02 -4.28769775e-02  9.29132178e-02
 -9.87625774e-03  3.92476209e-02  5.70611209e-02 -8.53656698e-03
  3.32078002e-02 -7.65652880e-02 -4.80803661e-02 -1.65221244e-02
  1.85988732e-02 -8.39215964e-02 -3.59092914e-02  2.29109861e-02
 -1.08951256e-01 -1.08158275e-01 -1.62647247e-01  5.09427153e-02
  5.44424653e-02 -6.26676530e-02 -9.22890827e-02  8.91422629e-02
 -1.41271055e-01  1.54205322e-01 -1.02960974e-01 -2.21931245e-02
 -2.20295936e-01 -3.90645815e-03  1.95139244e-01 -1.66602269e-01
  2.49415524e-02  3.21118236e-01  1.88653748e-02  3.10498551e-02
 -1.36635423e-01  1.73250902e-02 -4.04399037e-02 -2.34975782e-03
 -8.80006552e-02 -6.59238407e-03  1.19074352e-01 -9.35111493e-02
  7.39760175e-02 -1.12697437e-01 -7.74663016e-02 -3.81081225e-03
 -9.87365842e-03 -5.03823720e-02 -3.50871086e-02 -1.33753642e-01
 -5.41402064e-02  5.28700575e-02 -4.70374674e-02 -6.50334433e-02
 -9.19405557e-03  6.82201684e-02  1.56946704e-01 -1.27705947e-01
 -6.58539012e-02  8.33360031e-02  1.23667829e-01  4.74887900e-02
 -7.32690990e-02 -2.45430041e-02  4.22927216e-02  6.74341172e-02
 -4.43367027e-02 -1.19301863e-01 -7.45728388e-02 -1.10669117e-02
 -6.23790026e-02  2.03247219e-01  4.92356904e-02 -4.60288189e-02
  5.83938062e-02 -1.62754297e-01  9.91867390e-04  1.16837524e-01
  3.29791717e-02  1.16438465e-02  1.79502130e-01 -3.90245356e-02
 -7.21194968e-02  7.52403215e-02  2.16767147e-01  9.34530124e-02
  7.95897469e-02 -1.56580836e-01  2.86579747e-02  8.64961594e-02
  5.59406318e-02  7.50422776e-02  6.49168119e-02 -1.97005831e-02]