[ 0.12222259  0.14373991  0.11834213 -0.02316298  0.04695318  0.0960656
  0.08418314  0.10127104  0.00112551 -0.12456848  0.04295952  0.01072174
  0.04790743 -0.00694574  0.04862649 -0.11770343  0.0097401   0.02266485
 -0.18997239  0.03111005  0.12288479  0.14386129  0.04445754  0.04804753
  0.01671765 -0.22483066 -0.06040051  0.08293694  0.04850793  0.11080721
 -0.03195082 -0.12416913  0.02605273  0.12128439  0.01477674 -0.1239619
  0.0223265   0.09098709 -0.09644087  0.02763267 -0.02615773  0.08039609
  0.02044354  0.04809013 -0.13581398 -0.11145371 -0.01889658 -0.04630157
 -0.02393932  0.21613599  0.07809978  0.07053613 -0.11797291  0.07767279
  0.01625651 -0.05443358 -0.06830691  0.03455964 -0.0391513  -0.12126625
 -0.09418357 -0.05272821  0.01750118 -0.07472041 -0.07368286 -0.07217225
  0.0569232  -0.03558511 -0.16674298  0.06433848  0.11997128  0.00735722
  0.05949814  0.02261638 -0.02965163  0.00129225 -0.01191459 -0.14503792
  0.05265914  0.09737343  0.03099975 -0.01358512  0.10433581  0.03128168
  0.13616855 -0.06082638 -0.01744212 -0.02464994  0.0787328   0.13456391
  0.02302309 -0.21911594 -0.09701274 -0.00591    -0.04224736 -0.15447402
 -0.04303095  0.02389619 -0.09012738  0.00750359 -0.00156581  0.15561019
  0.06681748  0.08325628 -0.17634736  0.02457011 -0.03286429  0.04123677
  0.102625   -0.08815134  0.12878551  0.03062497 -0.14267595  0.16306052
 -0.0223902   0.01810945  0.04471069  0.0329699  -0.00041226  0.10265533
 -0.00571423  0.05756921 -0.0349329   0.05549379  0.14537014 -0.08950217
  0.20369704 -0.02046008]