[ 0.17182985  0.06200245 -0.08345331  0.07563192  0.09016468  0.12297931
  0.0427941  -0.02166748 -0.03091205 -0.1265775   0.16861936  0.11111226
  0.03857735 -0.08042317 -0.0478145  -0.04371312  0.0239398   0.06630986
 -0.18360034  0.11828075  0.02542114  0.09274813  0.05585768  0.06340004
 -0.00680865 -0.1781171  -0.00394522  0.01307374 -0.07954638  0.08009737
 -0.06477954 -0.03280918 -0.052852    0.11922853 -0.09226687 -0.0143809
 -0.0590562  -0.08975977 -0.06104982  0.13624284  0.03021228  0.05000963
 -0.02388488  0.08613469 -0.18194035 -0.11007428  0.02258327 -0.01061704
  0.0083592   0.25211686  0.12643306  0.00186775 -0.21766782  0.04364497
 -0.06145753 -0.06801745 -0.09982189  0.05156138  0.00869879  0.10114859
 -0.1086714  -0.01800039  0.09114287 -0.11038864 -0.07042355 -0.18889065
  0.04423387 -0.02777728 -0.10690611  0.08317197  0.10102347  0.0771895
  0.12015755  0.06651422 -0.04961361 -0.02521544 -0.0037423  -0.06020381
 -0.11475547  0.09591419  0.05217319 -0.02965143  0.03618583 -0.00531421
 -0.04984181  0.14195569  0.01290787 -0.14219947 -0.06873662  0.03179837
  0.00548896 -0.18494846 -0.13232373 -0.02833554 -0.01655398 -0.11556446
 -0.08284231 -0.0802571  -0.07605654 -0.01073609 -0.08762547  0.08385371
  0.08201863  0.10805763 -0.05487372  0.03169826 -0.04135814  0.16182354
 -0.05818895  0.00718041  0.06873518  0.02781477  0.01163225  0.14563113
 -0.11750861 -0.03333184  0.03621107  0.06764181  0.03360803  0.10326748
 -0.02170489  0.02374183 -0.03841366  0.11086014  0.10340723 -0.09547066
  0.04817755  0.00444899]