[ 0.12363984  0.04881819 -0.01563451  0.0609871   0.05558192  0.0245446
  0.08759215  0.07163893  0.04624821 -0.1489625   0.11697602  0.08050299
  0.05066491 -0.15717924 -0.09271374 -0.06126417 -0.00591783  0.09330848
 -0.25511777  0.16660319  0.06865411  0.07016049  0.08396433  0.15301222
 -0.10019033 -0.1871254  -0.03303427 -0.0538404   0.00217325  0.04276376
 -0.09263696 -0.01744666  0.0395354   0.14860062 -0.0916551  -0.11562726
 -0.00877839  0.0792326  -0.19798121  0.08691254  0.06255288  0.01866751
 -0.05026358  0.09925863 -0.18428142 -0.1105454   0.03305795 -0.02693783
 -0.02628823  0.25016347  0.0413418  -0.0428669  -0.13995068  0.06291716
 -0.02544593 -0.04958834 -0.00879932 -0.01464161  0.01333765  0.00895
 -0.09372029 -0.01515893  0.04138914 -0.03246218 -0.09508704 -0.175322
  0.05380686 -0.12511523 -0.09103356  0.00939723  0.00307043 -0.05782287
  0.09705733  0.14266099  0.00774108 -0.04908458 -0.01950748 -0.01561209
 -0.0601227   0.03717409  0.00163651  0.01669267 -0.02925595 -0.04092677
  0.05885876  0.15826336  0.0051657  -0.0923641  -0.0636444   0.05229862
  0.0863058  -0.17141396 -0.13171804 -0.10896     0.00543716 -0.08053777
 -0.10496681 -0.01662787 -0.0336307  -0.02063227 -0.0183922   0.02823364
  0.1154803   0.13799311 -0.04497047 -0.04738067 -0.0168243   0.1627941
  0.01634097 -0.04188147  0.07368983  0.09812677 -0.01429744  0.06262078
 -0.12260504 -0.0093811   0.03654185 -0.04453806  0.04405364  0.09871964
 -0.03329276  0.1085903  -0.09738854  0.13848719  0.02058575 -0.09064307
  0.00644256 -0.03466352]