[ 2.26715654e-01  8.96719769e-02 -6.57429919e-02  1.04277864e-01
  6.91315532e-02  1.11466520e-01  1.01766385e-01  4.70155738e-02
  2.26237737e-02 -1.90601036e-01  1.16504788e-01  3.12657692e-02
  3.23235430e-02 -9.49206352e-02 -8.37741047e-03 -5.00944518e-02
  1.22270010e-01  3.72492075e-02 -1.48927391e-01  9.54756290e-02
  9.27979127e-02  1.04023337e-01 -1.90709624e-03  7.82981962e-02
  1.52366217e-02 -2.55706459e-01 -7.26109892e-02 -2.25263331e-02
 -4.31505740e-02  1.30209908e-01 -2.27389187e-02  8.68070498e-03
 -2.43606418e-03  1.62170067e-01 -2.85335016e-02 -6.85197413e-02
  9.57836807e-02 -5.72370514e-02 -5.94111159e-02  1.04037458e-02
  3.72046717e-02  4.53228839e-02  7.70583227e-02  3.21335010e-02
 -1.04050055e-01 -8.38509649e-02  3.17140929e-02 -4.34673429e-02
 -8.77598301e-03  2.15782136e-01  6.78417385e-02 -1.52565725e-02
 -8.95107239e-02  7.30029494e-02 -1.58195551e-02 -5.09815738e-02
 -8.63169953e-02 -3.16663012e-02  4.87512024e-03 -1.69774750e-03
 -8.66015926e-02 -2.39843708e-02  8.21183715e-03 -2.16315106e-01
 -9.39293206e-02 -1.11972086e-01  7.45276436e-02 -1.04473442e-01
 -1.26609802e-01 -3.73818241e-02  4.60655168e-02 -1.84717551e-02
  2.18085758e-02  2.15874668e-02 -5.93057200e-02 -1.16574867e-02
  6.59419447e-02 -4.49873321e-02 -6.94526061e-02  9.88984331e-02
  1.76265258e-02  3.66306677e-03  1.38708376e-04 -2.67625116e-02
  1.08957678e-01  1.55711800e-01 -6.08797409e-02 -1.58029094e-01
 -5.81672117e-02  8.94598663e-02  6.60486966e-02 -2.07835659e-01
 -1.68110460e-01 -3.55158895e-02 -2.60955142e-03 -6.75691366e-02
 -3.57856266e-02 -3.90911661e-02 -9.58396792e-02  1.40997581e-02
 -5.57913557e-02  7.91641697e-02  1.04242228e-01  1.34540781e-01
 -1.40590370e-01  5.15822507e-03  5.03006065e-03  1.29716575e-01
 -6.64863512e-02  1.78091843e-02  4.39788625e-02 -4.65007648e-02
 -6.40129149e-02  7.12023452e-02 -6.97305128e-02 -3.97224352e-02
  4.80577759e-02 -2.19782963e-02  1.01975370e-02  7.88559392e-02
 -1.80963837e-02  9.15191025e-02  5.58427675e-03  1.64273158e-01
  1.35627985e-01 -1.52814239e-01  1.17558606e-01 -5.67401014e-02]