[ 0.21327712  0.08272473 -0.03835238  0.09755675  0.00731612  0.11041135
  0.11064706  0.03127992  0.05678154 -0.17802882  0.16973941  0.05506768
  0.03562967 -0.10448133 -0.10314072 -0.11015398  0.08824779  0.10563118
 -0.22140811  0.07456934  0.10450471  0.07794185 -0.03807628  0.14342074
 -0.03650192 -0.22207212 -0.06670941 -0.01901567 -0.04103466  0.10729971
 -0.04900538 -0.02214777 -0.0403225   0.13683565 -0.04407378 -0.09870335
 -0.01376531  0.0070875  -0.09142867  0.05409926 -0.00685175  0.06642128
 -0.06754893  0.05350709 -0.07220294 -0.13856544 -0.02728103 -0.04281083
 -0.04578307  0.17775445  0.06446065  0.0334913  -0.09833327  0.04211246
 -0.07559076 -0.03566728 -0.09338943  0.03442978 -0.00382436 -0.01352768
 -0.06519502 -0.00101172  0.08107162 -0.1397444  -0.12881374 -0.13080104
  0.1108664  -0.08486777 -0.13732333  0.00880885  0.06876112 -0.06658087
  0.07123507  0.05143713 -0.09139121 -0.05081445  0.01131454 -0.09567388
 -0.07417934  0.09216409 -0.03273447  0.01925338 -0.01883546 -0.10117167
  0.05666395  0.12563062 -0.01589172 -0.1860989  -0.05301887  0.05230484
  0.05605299 -0.22426745 -0.09082356 -0.03737148  0.02379804 -0.08487951
 -0.04841287 -0.11738015 -0.07740475  0.02644062 -0.01154445  0.10324316
  0.05659219  0.14154686 -0.09495558 -0.00301373  0.02049644  0.0980669
 -0.06490404 -0.01898351  0.09543445  0.00523894 -0.05071331  0.08194617
 -0.05293566 -0.00837882 -0.02011848 -0.01547253  0.06316195  0.04037012
 -0.06433602  0.04889593 -0.05730263  0.1290476   0.15118323 -0.10638298
  0.06722518 -0.07985722]