[-0.04421354  0.19792287  0.08552286  0.04229341 -0.03339189  0.14498393
 -0.07615434 -0.02757654  0.0744606  -0.05009508  0.08469609 -0.10160352
 -0.0906161  -0.0120629   0.11657959 -0.08243832 -0.01731034  0.09312747
 -0.01336436 -0.10653079  0.00887569 -0.010623    0.0580075  -0.02420675
  0.14761077 -0.16177575  0.01307306  0.01208427  0.00432873 -0.05854686
  0.16581826 -0.0555612   0.10351469  0.05722713  0.09527489  0.05608183
  0.08136964 -0.01066569  0.01913688 -0.04450025  0.051092   -0.05562933
  0.01672927 -0.03168223 -0.07122894 -0.05588868  0.04098824 -0.05567083
 -0.16836998 -0.0129513  -0.09528358  0.03950061  0.05132667 -0.000846
 -0.10137141  0.1070244  -0.0432259  -0.03077215 -0.09187278 -0.09816731
 -0.15070058  0.0195846   0.0604869  -0.19017449  0.0869205   0.20944612
  0.03090687 -0.04479987 -0.15960681  0.18379807  0.01431714 -0.04029549
 -0.055961   -0.05853788  0.08614092 -0.07311384 -0.03229912 -0.08062205
 -0.06405638 -0.0858378  -0.16890422  0.07161525 -0.02605327 -0.03667353
 -0.00831578  0.08447184 -0.09842445 -0.06014891 -0.01619058  0.12698214
  0.11361652 -0.15887269 -0.0106098  -0.02933843  0.09462641 -0.03327926
 -0.10381041  0.07819586 -0.04095405  0.05190137 -0.06909766 -0.04573859
 -0.01896516 -0.03540411  0.03660856  0.15410696  0.10725178 -0.05021878
  0.00315142 -0.099857   -0.05395393  0.01197625  0.0357095   0.0097328
  0.11341704 -0.12217855 -0.03900297 -0.04002943  0.23180269  0.06886349
  0.13880527 -0.06933416 -0.03528601  0.06799854  0.18307349 -0.0111298
  0.21280019  0.01226909]