[ 0.01208316  0.11355048  0.11037776  0.02614695 -0.06238386  0.17089853
 -0.12284495  0.01395683 -0.08661854 -0.02769635  0.13614932  0.02149338
 -0.04808157 -0.08782052  0.03968158 -0.05919196 -0.15041672  0.03732257
  0.00805063 -0.00766697  0.0139434   0.05612023  0.11374804 -0.0412668
  0.07185826 -0.05983941  0.10421406  0.02871577 -0.06556278 -0.05140904
 -0.00391612 -0.21326302  0.04500773  0.07975778  0.01487338  0.01195402
 -0.00427102 -0.04594233  0.04817534  0.09075881 -0.00795452 -0.0806613
  0.01069626  0.00918475 -0.16352931 -0.18473931  0.08419556 -0.07814141
 -0.08678543  0.21826555  0.10815977  0.07049759 -0.13686273  0.14214949
  0.00165745 -0.01251499  0.04134307 -0.06686755 -0.072336   -0.04807929
 -0.1118452  -0.05227854  0.10261242 -0.09746115  0.05917214  0.002472
  0.02006778 -0.04419694 -0.10032811  0.21835972  0.03315768  0.08055215
  0.02384115  0.07704404  0.09249502 -0.07858349 -0.02523256 -0.05460753
 -0.0263158   0.07666135 -0.04589707 -0.06975576  0.15699124  0.0663682
 -0.06532818  0.06057575 -0.0137269   0.0022991   0.07064089  0.07569634
  0.00049118 -0.15253446 -0.02125061  0.05353648 -0.05628583 -0.15732794
 -0.08689494  0.10081497 -0.04657757 -0.00218056 -0.07216934  0.09261144
 -0.00663754 -0.02623332  0.13830039  0.11320443  0.07628912  0.0427839
 -0.01570572 -0.07993619 -0.04291617  0.03901068  0.0733976   0.0976199
  0.02716296 -0.05217086  0.10644875  0.07357484  0.11184619  0.07984658
  0.09442157 -0.09833676  0.03495153 -0.04269826  0.16200572  0.01814739
  0.28252724  0.16765164]