[ 0.08224306  0.06920409  0.0279133  -0.01241696  0.04895503  0.16070287
 -0.02143438  0.03546171 -0.18000026 -0.01439681  0.11595071  0.09194224
 -0.03801873 -0.04531699 -0.00189355 -0.03925134 -0.03219413  0.03905431
  0.06046107  0.03604517  0.06989273  0.02560621  0.11154313  0.0033429
  0.08919663 -0.03181262  0.1193616   0.02058428  0.02580802 -0.00313726
 -0.05222672 -0.21842352  0.01148308  0.05274078 -0.02137716 -0.04169528
 -0.06922605 -0.0066708   0.07032669  0.04890016 -0.02526059  0.00995173
  0.03491883  0.04928885 -0.1947839  -0.14171459  0.08294882 -0.10207167
 -0.11460299  0.16741084  0.09293253  0.07284434 -0.16360705  0.09541626
  0.0264749  -0.01170228  0.02619977  0.11488242 -0.11960865 -0.00217226
 -0.08459645 -0.05299379  0.21269289 -0.12826844  0.11082155 -0.0250966
 -0.07099406 -0.01431059 -0.13878779  0.19889547  0.05475875  0.13859828
 -0.02155871  0.07244884  0.03936145 -0.03586523  0.05208057 -0.02226788
  0.00537907  0.02530655 -0.11162792 -0.06365128  0.17382289  0.05211228
 -0.06547365 -0.04419301  0.01087575  0.03752792  0.09921063  0.02970442
  0.02816569 -0.14701976 -0.07654959  0.09802274  0.07157841 -0.15685299
 -0.01942114  0.10600104 -0.06812166  0.00349067 -0.10231479  0.10137884
 -0.02405103  0.03859837  0.00993063  0.14499861  0.05859534  0.03327952
  0.03698095 -0.16619448  0.02209613  0.06298109  0.07709249  0.15793984
  0.09466496 -0.0152487   0.09251552  0.05870225  0.09733059  0.15047853
  0.01764593 -0.09537788  0.00272391 -0.0640403   0.08155175  0.07028455
  0.21720102  0.08534806]