[ 0.09455094 -0.04977664 -0.0134949   0.08910485 -0.08414605  0.06809761
  0.01301013 -0.01280134 -0.03441176 -0.0747598   0.19271253  0.00028368
  0.0582138   0.00260244 -0.02282162 -0.10450477 -0.0794698  -0.04443596
  0.06071235  0.1189892   0.10792963 -0.10142551  0.01587571  0.03123072
  0.0343109   0.06686564 -0.02866018 -0.12378474  0.0302353   0.02634999
  0.00680551 -0.07889231  0.00905947 -0.00856193  0.03362501  0.01391162
 -0.04365407  0.18884736  0.09705715 -0.08500675 -0.01932386 -0.02207354
 -0.17244169  0.00775828 -0.11431797 -0.179204    0.01452147 -0.043104
 -0.0119245  -0.01957553 -0.14469549  0.08847706  0.07012841  0.10878525
  0.0601772  -0.03623524  0.00216618  0.06251056 -0.11727034 -0.13749887
 -0.08692702 -0.06273713  0.23848087 -0.04150357 -0.01191383  0.17307898
  0.12208156 -0.01594535  0.01984794 -0.08122103  0.00192161 -0.00295964
 -0.00156517  0.04618307  0.08239127 -0.14550078 -0.0321023  -0.13147584
  0.06621373  0.21933353 -0.08053158 -0.06284662  0.03695975 -0.13496247
  0.04550961 -0.00540906  0.02713676  0.04850748  0.11081898 -0.07123344
  0.14896452 -0.08205838  0.06803185  0.08243179 -0.10520357 -0.25359133
 -0.01253203  0.01547043  0.04715155 -0.05346938  0.02346528  0.06509218
  0.0144698  -0.04493931 -0.00428853  0.18737037  0.18173599  0.03654071
  0.11552878 -0.08525765  0.02564189  0.06887653 -0.05832459 -0.00610938
  0.09800927  0.06580395 -0.05270753 -0.01749821  0.06164991 -0.01544763
 -0.0636052  -0.12324745 -0.00927813 -0.00577938  0.02906421  0.12054958
  0.18731965  0.12524404]