[ 0.01561429  0.0434201   0.08385896 -0.04840367  0.02948881 -0.01832603
  0.10547938  0.00758782  0.0544218   0.01188214  0.10440543 -0.0771797
  0.06305418  0.20346673  0.20128793 -0.06974444  0.09962209 -0.0172469
 -0.03231651  0.01752794 -0.01843154  0.03442293  0.04725717  0.03122276
  0.01645909 -0.07005127 -0.02913021  0.08139632  0.15296902  0.0033582
  0.08830506 -0.04474367  0.109684   -0.00233616  0.05663974  0.06792729
  0.03512515  0.22848882 -0.07005469 -0.06419555 -0.02690916  0.09421221
 -0.08500838  0.00179553 -0.12078961  0.01961284 -0.10255477  0.04534174
  0.00640067 -0.08625225 -0.17560315  0.04063059  0.00321679 -0.05897538
 -0.00779434  0.04498396 -0.15981586  0.16844927 -0.1110251   0.00582606
 -0.21380927 -0.06389657  0.08995897 -0.08524445  0.0958578   0.21353537
  0.00525813  0.0440436  -0.16192237 -0.01076297  0.09726112 -0.03587804
 -0.00111741 -0.03835945  0.05626846 -0.03417683  0.02809356 -0.10445927
  0.0767271  -0.06795818 -0.01798309 -0.07110979 -0.05580673 -0.08983004
  0.06532755 -0.15260041 -0.03261885  0.00754829  0.03399805  0.10074022
  0.12101478 -0.09016781  0.03116351  0.01066186  0.09326129 -0.09045355
 -0.04248352 -0.01676362  0.02621891  0.03642679 -0.02555955  0.02790277
  0.01186482 -0.10117514 -0.15263778  0.14608927  0.0716357  -0.14354919
  0.28026146 -0.14516144  0.05581642  0.0745626  -0.03648113  0.09542949
  0.10853072  0.01571721 -0.00847905  0.00745546  0.02418632  0.09750171
 -0.01270887 -0.0962603  -0.08671673  0.13397394  0.04859938  0.05528619
  0.1045196  -0.04368293]