[ 0.04075855  0.01353726  0.1185384   0.08707854 -0.04647813  0.06658024
  0.11725203  0.04558543  0.10296594 -0.07118513  0.13938855 -0.04492431
 -0.03107639  0.05825431  0.12348294 -0.14323449 -0.01303359 -0.05165074
 -0.05757165 -0.02620405  0.00211987 -0.06318866 -0.01454524  0.09468313
  0.09120189 -0.09418241 -0.03344145  0.03087457  0.04549251 -0.07997233
  0.15080798 -0.06596926  0.01139198  0.03428892 -0.0127409   0.07120819
 -0.06691625  0.12144887 -0.11480308 -0.04838703  0.09830882  0.00923738
 -0.13649766  0.03766983 -0.09493018 -0.0962697  -0.10785612 -0.02843104
  0.00548823 -0.05401044 -0.13043042  0.09008011  0.00115066 -0.05014277
  0.04816536  0.05139016 -0.19463579  0.15598641 -0.05632797 -0.03760609
 -0.20912473 -0.06844118  0.10606617 -0.09945957  0.05200019  0.20684505
  0.08088072 -0.04536719 -0.14559478  0.10659834  0.05632545  0.01814082
  0.01766034  0.04892686  0.07325429 -0.10013664  0.02741369 -0.07721801
  0.0046525   0.03398283 -0.12374327 -0.08841914  0.00858984 -0.15310498
  0.03806655 -0.09946499  0.04091751 -0.00623219  0.00079859  0.05032846
  0.13481688 -0.10866705  0.02695512 -0.06944376  0.04886265 -0.09564634
  0.00233016 -0.10125435  0.05278742  0.03528627 -0.06713241  0.04439062
  0.01913466 -0.08528329 -0.08503965  0.15349916  0.08474063 -0.06149408
  0.17385088 -0.15320031  0.0379095   0.11379266 -0.05174663  0.00642922
  0.18036547 -0.01761242  0.04379773 -0.03175103  0.1664629   0.10764317
  0.03594646 -0.08518349 -0.08394054  0.12496401  0.11384951  0.05480322
  0.19494818  0.04071426]