[ 5.79721183e-02  7.97909051e-02  2.87336558e-02  3.49173732e-02
  1.97902769e-02  6.57602027e-02  2.94960644e-02 -4.36731875e-02
  1.16401732e-01 -1.17418200e-01  1.12680465e-01 -3.97087149e-02
 -6.22751079e-02  5.69730364e-02  9.74690169e-02 -9.53883231e-02
  5.72251566e-02 -6.23923577e-02  6.88325008e-03  6.64278166e-03
 -8.98953248e-03  2.70488430e-02 -4.55169454e-02  5.44398762e-02
  1.07117549e-01 -7.60420635e-02  2.00175624e-02  8.60437378e-02
  1.09115027e-01 -3.23460693e-03  1.72889367e-01 -6.53236359e-02
  5.68672307e-02  1.15548996e-02  4.29892391e-02  1.04425967e-01
  3.57502811e-02  2.82729659e-02  1.49736079e-04 -9.07274559e-02
  4.78537679e-02  1.85629781e-02 -1.64394379e-02  2.67385971e-02
 -3.91352586e-02 -4.07544747e-02 -4.65810709e-02  2.25999765e-02
 -7.73327472e-03 -3.84056121e-02 -2.08388731e-01  9.52786505e-02
  5.99347986e-02 -5.52956089e-02  1.24085238e-02  4.86200936e-02
 -2.40218952e-01  1.53039768e-01 -1.58247381e-01 -2.76654474e-02
 -2.08200023e-01 -3.29007618e-02  1.84323356e-01 -1.40803903e-01
  2.06452310e-02  2.05042616e-01  6.25449792e-02 -7.04739988e-02
 -1.66238040e-01  3.09900288e-02  3.53706814e-02 -3.88760306e-02
 -4.51362878e-02  2.10031308e-03  6.82882294e-02 -9.02461186e-02
  8.16255510e-02 -7.76608661e-02 -5.10716811e-03  1.06518706e-02
 -3.53400521e-02  1.05096577e-02 -1.74965095e-02 -9.37610939e-02
  1.04127213e-01 -8.03898275e-02 -7.57216439e-02 -5.64770028e-03
  1.32296141e-02  1.21092409e-01  1.92446992e-01 -1.21627465e-01
 -3.12276445e-02  5.86429499e-02  1.35331988e-01 -7.04641640e-02
 -3.27472873e-02 -5.94432876e-02  7.17151305e-03  1.16526987e-02
 -8.46443847e-02 -4.21754690e-03 -2.87802964e-02 -1.00211687e-01
 -1.52343735e-01  2.27768362e-01  1.32116541e-01 -9.52488855e-02
  1.31300136e-01 -8.27863589e-02  8.08123201e-02  2.81284004e-02
 -3.76770012e-02  8.16067457e-02  1.32762700e-01 -6.07342497e-02
  2.18963716e-02 -1.68135967e-02  1.54088333e-01  9.35610831e-02
  4.90900390e-02 -7.44825006e-02 -2.20856257e-02  9.96226668e-02
  7.94247314e-02  3.66988555e-02  2.02140272e-01 -3.42777371e-02]