[-0.02795053  0.10498082  0.0029289   0.06013206 -0.08595891  0.08673952
  0.06677612  0.00996335  0.16724333 -0.02551869  0.10808337 -0.07221831
 -0.02402068  0.01940665 -0.00323281 -0.1091349  -0.01902576  0.03601248
 -0.02819702 -0.07755092  0.08411581 -0.12827708 -0.02370613  0.14130457
  0.10222033 -0.12123521 -0.00440712 -0.01392575  0.14665622  0.02637595
  0.16453849 -0.05196661  0.04797128 -0.03364104 -0.00578354 -0.00671732
 -0.06974939  0.11104193 -0.07492826 -0.06566691  0.01111209 -0.01869484
 -0.12288499  0.06528619 -0.00680998 -0.18489709 -0.06017514 -0.02254661
 -0.02104655 -0.12999909 -0.12625502  0.10534628  0.10862578 -0.09366629
 -0.03162842  0.13358267 -0.08940686  0.1576924  -0.03772682 -0.15958662
 -0.16735278 -0.03080139  0.18363439 -0.08596882  0.0036969   0.22692315
  0.07830124 -0.11248613 -0.15480912  0.05430985 -0.02446781 -0.04987624
 -0.04665956 -0.00820748  0.05749257 -0.11027477  0.02773589 -0.0822348
 -0.02376746  0.00290362 -0.15051083 -0.00267306 -0.01927247 -0.12159234
  0.0877173  -0.05311047 -0.03396941 -0.03240256  0.06071662  0.01333644
  0.08753496 -0.12168323  0.02160594 -0.04235026  0.12755626 -0.08879533
 -0.05364054 -0.00382692  0.03785682  0.0631088   0.03476984 -0.00828677
  0.00572934 -0.0290856  -0.09951733  0.1492112   0.11452454 -0.10957103
  0.12787287 -0.15749653  0.0398065   0.09633569 -0.02622214 -0.01953772
  0.1479204   0.01359439 -0.02290985 -0.01627367  0.21371137  0.06753011
  0.01437588 -0.12494746 -0.1129887   0.00322265  0.01677039  0.11366531
  0.0926118   0.02634111]