[-0.05744248 -0.0044066   0.05345441 -0.05862075  0.06845646  0.00766114
  0.03558659 -0.00697456  0.16499847  0.02752096  0.10469552 -0.03709199
 -0.02392226  0.03147135  0.17232679 -0.00461964  0.00440961  0.02770209
  0.00687969 -0.01567829  0.01894549  0.05937304  0.05176771  0.01134616
  0.02460762  0.02470236  0.02489704 -0.07944793  0.15047665 -0.03665825
  0.18656835 -0.07674795  0.14280844 -0.02299689  0.11726917  0.11410483
  0.05311478  0.16747469 -0.00988822 -0.04224382  0.01922803  0.06618597
 -0.13199115  0.07458692 -0.10759465 -0.02310205 -0.05038492  0.01868274
  0.02788137 -0.13053583 -0.23731802 -0.01076717  0.01031771 -0.09202396
 -0.02149654  0.09195802 -0.10716403  0.12949365 -0.20157839  0.04097793
 -0.21218145 -0.14899133  0.16814744 -0.07589407  0.16893968  0.07470427
 -0.01075414  0.03370047 -0.05409271  0.0561186   0.05644537  0.01827103
 -0.06147032 -0.07484283  0.02349901 -0.0812479  -0.0522054   0.04316181
 -0.00254818 -0.09805527 -0.06108541  0.07125971 -0.06428692 -0.01851222
  0.04281858 -0.13831232  0.01988022  0.08254977 -0.00224459  0.03203573
  0.14228235 -0.01851112 -0.03735985  0.01624702  0.13834368 -0.04572887
 -0.08569539 -0.02170742  0.01034402  0.06687185 -0.04938753 -0.10698386
 -0.06834746 -0.17235982 -0.04587476  0.11276373  0.10896892 -0.21873695
  0.23727107 -0.05440518 -0.01961604  0.06449366 -0.00176172  0.02871218
  0.16994366  0.01881181 -0.02912989 -0.08844358  0.01467985  0.08186822
  0.07751822 -0.03019667 -0.05896731  0.13016056  0.00484315  0.0663207
  0.08498335  0.00813257]