[-0.05883322  0.04760527  0.14177971  0.03751357 -0.00373893  0.05979778
  0.05912251  0.00410101  0.0757534  -0.04261748  0.07500676 -0.04792864
 -0.07971369  0.04711901  0.13561837 -0.15314889 -0.02189389  0.05037488
  0.02507729 -0.06910869 -0.00678865 -0.00431563  0.01682056  0.06759263
  0.10913995 -0.10217816 -0.04699915  0.04148958  0.10942108 -0.08455964
  0.17383809 -0.18659711  0.03574757 -0.06759746  0.07737756  0.03041426
 -0.08549061  0.04403698 -0.06127344 -0.01045546  0.08562953  0.10332204
 -0.13399079  0.04228062 -0.12382391 -0.14447168 -0.09234916 -0.04674887
  0.04522076 -0.09345341 -0.16147055  0.0360478   0.06569338 -0.08752529
 -0.07321315  0.09071393 -0.09699329  0.17775738 -0.08578885 -0.03490601
 -0.17727694  0.02391945  0.11758114 -0.04743743  0.06745809  0.20413475
  0.07883486 -0.11366664 -0.1450453   0.05468382  0.08725487  0.039258
  0.06824756  0.02181559  0.04975158 -0.08429514 -0.06735123 -0.13431656
  0.0293994  -0.03220693 -0.10895655  0.00502733  0.03407411 -0.04137415
  0.08494233 -0.10219683 -0.00143207  0.00631665 -0.02053776 -0.01573291
  0.1067524  -0.03602714  0.07145359 -0.05507577  0.10892964 -0.15505861
 -0.06883354 -0.02125466 -0.03731391  0.08163399 -0.06851523  0.0077355
  0.03686378 -0.14755945 -0.07465972  0.17961985  0.18830739 -0.15421572
  0.17061259 -0.0719047   0.09460597  0.02892719  0.03601652  0.0295476
  0.07720181 -0.01156392 -0.00145636  0.04128151  0.10765044  0.02425949
  0.00716984 -0.1352881  -0.16586605 -0.01810912  0.03200987  0.11581116
  0.09014343  0.05717801]