[-0.04438256  0.15886393  0.01946462 -0.01203782  0.05870784  0.03870045
  0.07303428 -0.05482405  0.17004998 -0.05043294  0.05351081 -0.04497144
 -0.05707671  0.03101106  0.05400189 -0.06375665  0.0064243   0.00631845
 -0.06412364 -0.028683    0.02542903 -0.01687139 -0.07525208  0.01768043
  0.10335175 -0.11161226 -0.05540646  0.08132853  0.16803375  0.04704681
  0.17135915 -0.02772273  0.06257926 -0.02050244  0.07204339  0.06603733
  0.01841004  0.03795086 -0.02005057 -0.10354655  0.05225832  0.02061376
  0.03360476  0.05473009 -0.00063878 -0.01724711 -0.02594288  0.03249265
 -0.03738867 -0.10357986 -0.23703018  0.0759777   0.04134466 -0.10771857
 -0.0023564   0.09829843 -0.24082188  0.15565869 -0.17651974 -0.04244257
 -0.19241047 -0.0266377   0.18524995 -0.0955685   0.04660084  0.20211229
 -0.00388735 -0.06766959 -0.19255015  0.01987785  0.06889774 -0.02148878
 -0.0372973  -0.02168501  0.04503068 -0.02851432  0.04660111 -0.06263887
 -0.00986222 -0.09636569 -0.05337854  0.0774513  -0.04822296 -0.014363
  0.06005459 -0.05627166 -0.07442284  0.01999152  0.04765633  0.11357462
  0.15646234 -0.12938179 -0.04893086  0.01088089  0.16430847 -0.04304501
 -0.06876726 -0.03229976 -0.00349374  0.05002271 -0.05137883 -0.05522871
 -0.02804719 -0.09918337 -0.17047708  0.21494716  0.09383398 -0.08152875
  0.15313387 -0.06926101  0.07176036  0.00345263 -0.08195081  0.07919952
  0.12766983 -0.0420447  -0.01456239  0.00743399  0.15898612  0.09963132
  0.05633181 -0.04196225 -0.05244574  0.08891941  0.01729572  0.06301591
  0.11946183 -0.0698389 ]