[-0.00670897  0.01186532  0.05675715  0.00628938 -0.02494572  0.04178654
 -0.07569394  0.01168031  0.07479022 -0.05468182  0.09031598 -0.04659482
  0.00254377  0.08600932  0.19528982 -0.084976    0.12510103 -0.08786904
  0.11058564  0.04844649 -0.03521394  0.04000526  0.00448378  0.15672913
  0.06670114 -0.00252169  0.08594984 -0.01762936  0.07695561 -0.03947493
  0.20508738 -0.10186546  0.13604213  0.02475815  0.04595354  0.17214704
  0.10270805  0.06952857 -0.06060379 -0.07186738  0.01907643  0.01278416
 -0.06598142  0.01462981 -0.04066261 -0.00357806  0.02102611  0.02862349
 -0.01234716 -0.06265456 -0.18118139 -0.0128792   0.12908395 -0.07385058
  0.03594574  0.10581843 -0.20327783  0.1156617  -0.07956496 -0.0595732
 -0.21033709 -0.04466607  0.09223286 -0.16857371  0.07375374  0.15894255
  0.09769344 -0.05367383 -0.11353546  0.00383777 -0.03092505 -0.07947248
 -0.10853403 -0.09625804  0.10515491 -0.07785283  0.02970037  0.03195845
  0.06491803  0.04091473 -0.07540192  0.01052249 -0.06751076 -0.11624482
  0.12206697 -0.11012634 -0.05104614  0.00865788 -0.00493477  0.11188485
  0.14680886 -0.04180607  0.03281854  0.08195867  0.0956863  -0.02185721
 -0.02344197 -0.03249475  0.01641218 -0.03300287 -0.07198673 -0.02322851
 -0.06391381 -0.13989702 -0.14201292  0.18494579  0.0890555  -0.22946675
  0.10516276 -0.0622938   0.02747017  0.05603555  0.00094084 -0.0111451
  0.09466103 -0.03127224 -0.02818473 -0.1447922   0.04655869  0.09232028
  0.05478429 -0.07328859 -0.05237267  0.10842269  0.03626581  0.06961867
  0.14766121 -0.0328949 ]