[-0.02503479  0.00107672  0.07951611 -0.03625891  0.03627374  0.08298021
  0.01621791 -0.0252612   0.14455341 -0.02491503  0.09360301 -0.05293767
 -0.0380211   0.11501023  0.16331027 -0.04721865  0.04670681  0.05717369
 -0.01710004 -0.08382758  0.01431576  0.07809383  0.02042258  0.03795031
  0.04153163 -0.04995867  0.00640857  0.02416526  0.07150801 -0.04652445
  0.20335537 -0.08007253  0.07899933 -0.0016347   0.10020264  0.15860032
 -0.01048     0.06644994 -0.03894965 -0.02368244 -0.00112194  0.10972073
 -0.1102747   0.03017213 -0.05236353 -0.06303409 -0.09342974  0.02737923
  0.01053787 -0.09059586 -0.18254121  0.00151717  0.03007975 -0.09094423
 -0.04128953  0.12017855 -0.1516166   0.18168156 -0.14373323  0.01986577
 -0.20210478 -0.03183475  0.14791565 -0.12427447  0.12080804  0.12956542
  0.01054956  0.03522488 -0.14172506  0.15073656  0.10130543  0.00461304
 -0.02868125 -0.08368494 -0.02953728 -0.06156793 -0.02551883 -0.06771822
 -0.01930354 -0.13773938 -0.05243202  0.05960603 -0.0477689  -0.08212263
 -0.01011858 -0.12834889 -0.00494062  0.003616   -0.02099764  0.08731391
  0.1398267  -0.06767997  0.01383083  0.00880927  0.1784763   0.01750252
 -0.0823916  -0.04127532 -0.02437241  0.11314499 -0.03768989 -0.03353455
 -0.07839596 -0.17108464 -0.06242467  0.14775361  0.06886072 -0.27770784
  0.14360099 -0.06813622  0.01286129  0.03997768  0.0329441   0.04097568
  0.17443691  0.00568643  0.01389811 -0.03143219  0.07870932  0.08121771
  0.09231464 -0.10902315 -0.03922455  0.08271277  0.04862601  0.07135896
  0.12313811 -0.00888907]