[ 0.02870837  0.06504511 -0.01244895  0.05746985 -0.02907899  0.09359973
  0.07957653  0.00586264  0.11200546  0.00694427  0.14456174 -0.03432069
 -0.04271905  0.05543474  0.11818917 -0.12223071  0.01125336 -0.07236401
 -0.00531261 -0.03664374 -0.09809334 -0.0615214   0.00771245  0.03908568
  0.10051777 -0.08560939  0.0440837   0.06575734  0.0522064  -0.07731804
  0.17002521 -0.02996366  0.01034697 -0.00073322 -0.05705069  0.09536911
 -0.04659509  0.07022095 -0.0481361   0.01862903  0.08398278 -0.02094658
 -0.14490536  0.00874273 -0.10275336 -0.09443632 -0.12066554  0.02374601
  0.04666113 -0.04696824 -0.11519394  0.15747125 -0.0117207  -0.07673163
 -0.02626462  0.05619778 -0.18047434  0.15546316 -0.08251207  0.02304794
 -0.25307676 -0.06870684  0.16000719 -0.1608492   0.03963614  0.20965214
  0.07632111 -0.00738295 -0.15175356  0.10020793  0.03746232  0.06564202
 -0.01376312  0.08289384  0.09278114 -0.09794399  0.0663535  -0.07506362
 -0.0399743   0.01470299 -0.10944123 -0.09726518  0.02049837 -0.10948385
  0.02552362 -0.07526907  0.00662257 -0.01597952  0.03407756  0.01128789
  0.0910021  -0.10505521  0.04441707 -0.00652385  0.11457157 -0.11245061
  0.00178257 -0.12299933  0.04832741  0.02942968 -0.08509045  0.00040446
 -0.01718367 -0.05594919 -0.07698166  0.17261335  0.08157331 -0.07570524
  0.13845301 -0.1021415   0.03880834  0.12387459  0.02610827  0.05975677
  0.14053012 -0.06841745  0.04655698  0.02711493  0.2234917   0.12110619
  0.05944645 -0.12863381 -0.05631483  0.1095333   0.09833702  0.04408063
  0.12883919  0.04104102]