[ 0.09139107  0.00025676  0.05428854 -0.05852018  0.04078656  0.14650206
 -0.04663175  0.06382748  0.0366831  -0.09924389  0.061323    0.0086939
  0.10052174 -0.01079985  0.07724819 -0.05031881  0.01711552 -0.08338532
 -0.11587623  0.10177853  0.10867134 -0.02739937  0.06771224  0.06437126
  0.05350829 -0.07771117  0.00524926 -0.05233474 -0.04478531 -0.01494805
  0.14442311 -0.08971719  0.05805174  0.13419506  0.01420004  0.0473406
  0.04811551  0.15850921  0.03746041 -0.09363051 -0.01387226 -0.06453049
 -0.04587003 -0.06484597 -0.03346253 -0.10211889 -0.05622623  0.04342284
 -0.07776056  0.12006828 -0.09848677 -0.03249777  0.03912983  0.03429287
  0.0320266  -0.02436785 -0.12043314  0.06966129 -0.1788363  -0.13719517
 -0.12619528 -0.03335289  0.09894802 -0.16772875  0.02713566  0.09370191
 -0.00766619  0.16405423 -0.16194808 -0.02330131  0.03577482 -0.01941944
 -0.14181505 -0.12136273  0.05613043  0.01436793  0.04807404 -0.09116898
  0.1087869   0.21711639 -0.10318413 -0.10679206  0.0612346  -0.01960614
 -0.02063132 -0.05164785  0.03018284  0.08245484  0.1051957   0.09809773
  0.0778725  -0.19447322  0.03118491  0.19765642 -0.07927313 -0.06011216
 -0.06973277 -0.03224875 -0.08728226 -0.03868414  0.04950753 -0.01403653
 -0.1759578   0.01614449 -0.01518507  0.1141834  -0.02538182 -0.04164993
  0.04887914 -0.12475579 -0.02210464  0.09690402 -0.06773626  0.13181062
  0.11865335  0.05897061 -0.15104522  0.05887721  0.00773344  0.20372888
  0.01125502 -0.02387295 -0.01563349  0.09040687  0.11938911  0.01700554
  0.16719793 -0.04591401]