[-1.75235160e-02 -1.23661272e-02  9.09336805e-02 -5.22512533e-02
  2.83347983e-02  1.36281624e-01 -1.26000971e-01 -2.27871314e-02
  2.57671755e-02 -1.48007065e-01  8.63100663e-02 -5.19417636e-02
  2.77781803e-02 -2.61122007e-02  1.26278028e-01  8.66761059e-03
 -1.53621867e-01 -8.42693150e-02 -2.22393405e-02  1.58558767e-02
  1.37682617e-01  9.90118366e-03  1.38314426e-01 -9.73849837e-03
  1.25115365e-01 -6.62701018e-03  5.22203855e-02 -1.22649364e-01
 -1.83404260e-03 -5.58797866e-02  1.81765527e-01 -1.69027269e-01
  1.05662405e-01  6.81055561e-02  9.77205187e-02  8.65923762e-02
  1.48446588e-02  9.26741138e-02  6.73299432e-02 -7.24049732e-02
  3.82003970e-02 -8.13454688e-02 -3.46683711e-02  4.52911220e-02
 -8.72472003e-02 -6.01130761e-02  3.00718565e-02  6.31236844e-03
 -9.22406092e-02  2.15610135e-02 -1.83023721e-01 -7.45500401e-02
  1.01145655e-01  2.60888543e-02 -1.90231844e-03  1.36707556e-02
 -2.92215515e-02  5.15118726e-02 -1.63362220e-01 -1.20895199e-01
 -1.37963399e-01 -3.12175788e-02  1.34046897e-01 -3.36512439e-02
  8.84379596e-02  1.37771100e-01 -2.35994495e-02  1.08700812e-01
 -3.21048982e-02  3.47553864e-02 -1.25833740e-02 -4.34536533e-03
 -1.14014722e-01 -1.69424027e-01  1.36628732e-01 -4.87770066e-02
 -8.82802308e-02 -1.02030292e-01  3.79180610e-02  2.37011716e-01
 -3.62479798e-02 -6.76839426e-02  5.66612706e-02  8.23665131e-03
 -8.07690993e-02 -2.25338590e-04  3.17784362e-02  7.99605399e-02
 -3.13987434e-02  6.00372590e-02  1.52961463e-01 -9.74093899e-02
 -2.03368831e-02  1.12904750e-01 -1.18895143e-01 -7.55560547e-02
 -1.43072292e-01  1.04370065e-01 -1.27956709e-02 -4.91809770e-02
  9.50122345e-03 -7.25385174e-02 -8.57608393e-02 -1.02837704e-01
  5.07673621e-02  1.16870418e-01  4.97137606e-02  2.29334794e-02
  8.14492404e-02 -1.18732892e-01 -1.63476523e-02  6.51198402e-02
 -6.39739260e-02  3.48255672e-02  1.17981210e-01  9.43533406e-02
 -1.52336165e-01  5.56941293e-02  2.25769933e-02  1.58716559e-01
  8.65773112e-02 -5.57843409e-02 -5.43878302e-02  4.06051017e-02
  3.57116684e-02  7.03394413e-02  1.71883076e-01  1.00527093e-01]