[-0.00775755  0.09900099  0.11923251  0.01798493 -0.01683225  0.08514902
 -0.07937589 -0.00993463  0.01786801 -0.09456684  0.07934988 -0.09318782
  0.0913495   0.02550456  0.11762237  0.04040754 -0.01136092 -0.07577845
 -0.08964433  0.06876447  0.13829757 -0.09299455  0.07574943  0.09898632
  0.14453638 -0.08386682 -0.04949015 -0.00787192  0.08021387  0.00495999
  0.18833403 -0.02213375  0.08772399  0.10852274  0.00059394  0.06418578
  0.05118627  0.14176226  0.02208137 -0.11845268  0.01891868 -0.10255551
  0.09178314 -0.03058717  0.01056455 -0.11798266  0.06277894  0.02672183
 -0.08801331  0.02024799 -0.10310938 -0.04731422  0.07348136  0.01281811
  0.05576914  0.02292653 -0.10175999  0.0330893  -0.03076211 -0.20907176
 -0.16734381 -0.01292692  0.02697776 -0.11169412  0.00325739  0.26192844
 -0.00220862 -0.00146226 -0.16813706 -0.05198131 -0.05175285 -0.03096887
 -0.11492183 -0.0690711   0.17436199 -0.07126112  0.05421209 -0.06260687
  0.07925589  0.20510116 -0.01743966 -0.09853368  0.04726809 -0.04803591
  0.01412505  0.02314794 -0.04642941  0.04586222  0.04202715  0.09356402
  0.08964207 -0.12972595  0.00198611  0.08178408 -0.07350728 -0.03398298
 -0.12029885  0.14416118 -0.03534561 -0.05616874 -0.00716168 -0.04172495
 -0.04640813  0.04854627 -0.03174092  0.1644018   0.01847636  0.04783636
  0.16858943 -0.17766543 -0.0813162   0.10704438 -0.13158338  0.07580122
  0.11283168  0.01833384 -0.07789974  0.04869878  0.03087655  0.18052828
  0.04299235 -0.01567446 -0.03868865  0.07199717  0.00506121  0.04604428
  0.15980023  0.03696956]