[ 4.06386629e-02  1.92689911e-01  1.00597240e-01 -2.10380573e-02
  6.63379952e-02  9.58296955e-02 -5.37064970e-02 -3.90622765e-02
 -1.25170052e-01 -8.11545365e-03  7.99432769e-02 -6.30409792e-02
 -6.66726381e-02 -2.56278720e-02  7.34998437e-04  1.19651975e-02
 -4.22543176e-02  1.29776940e-01 -9.62004066e-03 -6.41205488e-03
  1.19328231e-01  4.72582504e-02  1.03458896e-01 -1.97368383e-01
  6.95116073e-02 -9.63938534e-02 -8.31365585e-02  3.93333957e-02
  7.23701343e-02 -1.44804816e-03 -4.42168973e-02 -1.67643413e-01
 -4.72969795e-03 -5.02181388e-02  1.47181511e-01 -9.13234241e-03
 -1.94025412e-02  1.81599390e-02  1.35481030e-01 -8.02116096e-03
 -1.14049032e-01  9.77709144e-02 -7.94474618e-05 -3.45850550e-02
 -1.15639709e-01  5.36664203e-02  6.35610744e-02 -7.67980367e-02
 -1.59042194e-01  7.51354396e-02 -1.44567918e-02  1.83229268e-01
 -1.64059654e-01  1.02545142e-01 -1.02140561e-01 -9.19430479e-02
  1.39949873e-01 -9.02768970e-02 -1.48837060e-01 -1.35805607e-02
  3.45505401e-02  1.45365503e-02  1.00340635e-01 -5.55587709e-02
  1.11109555e-01 -7.62803629e-02 -5.06839789e-02  8.54839385e-02
 -2.60690432e-02  2.06795141e-01  1.81319773e-01  1.09002449e-01
  4.98008355e-02 -2.85113864e-02 -3.82139124e-02 -3.44453426e-03
 -8.76675695e-02 -8.78433604e-03  2.00302224e-03 -5.74916005e-02
 -6.35597482e-02  6.96493015e-02  5.28239347e-02  1.25588417e-01
 -3.02561354e-02  4.76733632e-02 -8.90905187e-02  4.31761853e-02
  3.72040421e-02  3.55740637e-02  4.14225981e-02 -7.24165887e-02
 -5.47507815e-02  5.68405688e-02  2.08280217e-02 -2.24142388e-01
 -2.53908411e-02  1.50093123e-01 -1.28796518e-01  3.71672846e-02
 -3.37061509e-02  9.65074748e-02 -2.89663542e-02 -3.85954827e-02
  8.18426535e-02  1.15600213e-01  1.53903008e-01  7.64999911e-02
  1.48195401e-01 -2.13349983e-02 -2.59949155e-02 -7.92703032e-02
  1.17391124e-02  1.46405593e-01  7.15942234e-02  1.43760454e-03
 -4.83101979e-02  5.75094260e-02  1.50758140e-02  4.30874107e-03
 -6.00178912e-02  5.29482402e-03  1.71906110e-02 -1.68044213e-02
  1.52285308e-01  4.29260219e-03  2.10265100e-01  5.79296723e-02]