[ 0.01809012  0.09177208  0.1863655   0.03977442 -0.05434586  0.04365896
 -0.05824627  0.05282086 -0.07702287 -0.00240106  0.0598966  -0.10149617
 -0.03055871  0.02878401  0.25386384 -0.16285883  0.10004911 -0.08940382
  0.12168339  0.06456459 -0.10097104  0.02242145  0.06541111  0.14089784
  0.08073479 -0.10374817  0.00473049  0.02626189  0.06595147 -0.12580217
  0.11569607 -0.14975299  0.07884055  0.05151341  0.02142633  0.10435378
  0.08235567  0.06097443 -0.05274665 -0.01979215  0.03059403 -0.03547195
 -0.13508649 -0.12617078 -0.09670562  0.10882103  0.01170417  0.02321771
 -0.09090759  0.03360079 -0.08315926  0.14524966  0.08736549 -0.03687093
 -0.00421624  0.00453213 -0.04389453 -0.0180176  -0.04008179 -0.02684723
 -0.13570794  0.07038882 -0.05388    -0.14500864  0.02731333  0.14479512
  0.12375911 -0.03502779 -0.12976548  0.0464685  -0.00676437 -0.0358631
 -0.08622102  0.04021332  0.1752889  -0.0447089  -0.00045577  0.03431873
  0.15115388  0.11004297 -0.14657667 -0.05957855 -0.00973446 -0.07128739
  0.15661295 -0.04896761 -0.07603157 -0.00990768 -0.03647142  0.09751103
  0.12348557  0.01483331  0.13800213  0.08636632 -0.03191738 -0.1503146
  0.03850446 -0.02580817  0.0014133  -0.11036538 -0.03537153  0.07252462
 -0.04224582 -0.07906123 -0.06982692  0.15303576  0.12910548 -0.09207583
  0.15944949 -0.04123502  0.05622114  0.07151975  0.02624859 -0.01596763
  0.02234489 -0.0406126  -0.05334105 -0.10909916  0.04459171  0.10522829
  0.0100643  -0.0718122  -0.11761451  0.0899787   0.08860449  0.06026718
  0.17709227 -0.02270008]