[ 0.00909751  0.09862204  0.2288456   0.03626548 -0.02391841  0.05570057
 -0.07345405  0.04406505 -0.08794262 -0.01157625  0.0437728  -0.06934057
 -0.05562665  0.00784085  0.24841961 -0.14222051  0.0933264  -0.08515018
  0.12059221  0.07262862 -0.07591396  0.05506128  0.04975107  0.14448404
  0.07912953 -0.08786809 -0.00823445  0.03409154  0.07396883 -0.11772669
  0.10336504 -0.14884147  0.07661985  0.06935317  0.03647044  0.11715461
  0.09921845  0.02644584 -0.03475844 -0.01559997  0.04329247 -0.02729034
 -0.09776364 -0.1606895  -0.08249928  0.12182873  0.04528442  0.00304498
 -0.10724566  0.05469836 -0.07059642  0.14349943  0.06515827 -0.01885155
  0.0339324   0.00690599 -0.0324867  -0.03464004 -0.0806931  -0.00920223
 -0.11477899  0.07888274 -0.06058332 -0.15364692  0.04919524  0.11043108
  0.1073868  -0.0401002  -0.1362616   0.08736388 -0.00260498 -0.01739922
 -0.09948827  0.05236452  0.17625442 -0.0206685   0.00806865  0.0699736
  0.15339617  0.07556539 -0.13804001 -0.00458424  0.0161233  -0.02971015
  0.1563389  -0.053675   -0.07000349  0.02331481 -0.0416346   0.12650891
  0.1333413   0.01947869  0.12160333  0.12271323 -0.03120258 -0.13124722
  0.03535438 -0.01634498 -0.00910229 -0.10180981 -0.039387    0.0659475
 -0.07322012 -0.07904603 -0.05566648  0.16747122  0.12337161 -0.10971702
  0.13875286 -0.02935125  0.04008739  0.05624755  0.02263055 -0.00928395
  0.03716248 -0.04141089 -0.03840633 -0.12244421  0.01360487  0.12298766
  0.0251705  -0.03787563 -0.08914393  0.07175947  0.07922107  0.08563919
  0.20538644 -0.03078886]