[ 4.74242307e-02  1.04661837e-01  1.23841986e-01  4.07386497e-02
 -4.77443673e-02  1.29941896e-01 -1.12931496e-02  1.28292948e-01
 -6.99288622e-02  8.95196572e-02  1.02526650e-01 -9.17182788e-02
 -4.54859808e-02 -5.47718182e-02  2.21798480e-01 -1.11659884e-01
  3.41857634e-02 -7.14742811e-03  7.19370246e-02 -8.38591717e-03
 -6.80421740e-02 -2.50638425e-02  1.21480912e-01  1.32352104e-02
  6.94812313e-02 -1.29892260e-01  2.43679341e-02 -2.12247055e-02
 -6.80712634e-04 -1.59218863e-01  7.47348070e-02 -1.29098862e-01
  5.51433414e-02  8.52214396e-02  3.08619812e-02  5.64311817e-02
  6.30129278e-02  6.19929656e-02 -3.03052422e-02 -3.14893574e-02
  1.47340549e-02 -8.07091594e-02 -1.25669777e-01 -9.07868370e-02
 -1.47319734e-01  2.63506547e-03 -1.08515965e-02  5.97280078e-03
 -1.40059680e-01  8.88992324e-02 -1.33275799e-02  1.29358530e-01
 -5.05032688e-02  1.04096169e-02 -2.78975628e-02  6.99825678e-03
 -2.53454177e-03 -7.08221123e-02 -6.92115426e-02 -1.69682950e-02
 -1.29986808e-01 -2.88491137e-02  1.18559022e-02 -2.29382858e-01
  1.22793451e-01  1.20802335e-01  3.25984284e-02  2.78073587e-02
 -1.32850498e-01  1.74900964e-01 -5.73431607e-03  5.57800382e-02
 -8.46919268e-02  4.93476503e-02  6.48700073e-02 -8.60088468e-02
  3.93599011e-02  3.97320651e-02  8.55608135e-02  2.13502397e-04
 -2.05956683e-01 -1.05757833e-01 -1.48910866e-03 -6.95866495e-02
  5.30164279e-02 -3.82999443e-02 -5.55780903e-02  1.16104884e-02
  7.68540278e-02  1.05780266e-01  1.05694190e-01 -4.88331430e-02
  4.38591279e-02  3.50254327e-02  1.64376926e-02 -1.19682066e-01
  3.88230532e-02 -4.32510721e-03 -3.80629934e-02 -2.31896918e-02
 -2.76884008e-02  4.74841557e-02 -6.10204637e-02 -9.23057199e-02
  6.02688156e-02  1.20424978e-01  1.10183448e-01 -8.28511268e-02
  1.18260376e-01 -6.55861422e-02 -3.79713625e-02  1.11175083e-01
  9.66611281e-02 -1.17063569e-02  1.51524365e-01 -9.49097127e-02
  3.49697098e-02 -7.74795935e-02  1.42638847e-01  1.16567634e-01
  5.21029867e-02 -9.14914384e-02 -5.14734490e-03  1.36369318e-01
  1.96880445e-01 -5.21745579e-03  2.55110174e-01  9.98051092e-03]