[ 0.02559192  0.02055054  0.09356407 -0.02788592  0.00050092  0.10535459
 -0.02543336  0.15051872 -0.1287142   0.13049243  0.06481182 -0.0837784
 -0.02218717 -0.04503022  0.2534838  -0.06264472  0.01893641 -0.03396317
  0.11630714  0.03213882 -0.10627114 -0.02067961  0.16330044 -0.09136292
  0.0283353  -0.03538512  0.02162419 -0.04981381 -0.00451002 -0.22028767
  0.05613649 -0.1018235   0.06870313  0.053872    0.05169606  0.06669617
  0.07694826  0.08259007  0.03439932 -0.05637106  0.02129946 -0.08073249
 -0.12286755 -0.11433205 -0.17737843  0.04395197 -0.01966547  0.03143277
 -0.13350676  0.07655904 -0.08550973  0.07088347 -0.04171725  0.02439245
 -0.04908665 -0.03734482  0.05025697 -0.09553865 -0.11759385  0.03136993
 -0.11871896 -0.00940725  0.00985021 -0.17694485  0.14571799  0.14244699
 -0.02195806  0.10568427 -0.06632543  0.09109937 -0.00807308  0.06934891
 -0.08267461  0.03956731  0.06832608 -0.0686747   0.01690259  0.02844084
  0.1198042  -0.01223924 -0.17302926 -0.12510543 -0.00298747 -0.01583296
  0.02705271 -0.03822475 -0.02969379  0.09121276  0.09655551  0.07038967
  0.13351183  0.02299247  0.03740801  0.09029055 -0.00510005 -0.10968197
  0.03461439  0.0367896  -0.08195646 -0.03789479 -0.02363347 -0.01130998
 -0.08293645 -0.13611808  0.10297126  0.12121958  0.12158763 -0.07754145
  0.15035038 -0.03917122 -0.05578781  0.10209174  0.12351654 -0.00607945
  0.13922337 -0.08881754  0.0073689  -0.05266542  0.09018093  0.09892786
  0.04441725 -0.10674684  0.02741619  0.11897291  0.14425699 -0.01192765
  0.21053855  0.02405188]