[-0.11456482  0.08851459 -0.01853842  0.08498961 -0.04473974  0.03628603
 -0.04513556 -0.05570599  0.08803723 -0.0784023   0.05059694  0.05185079
 -0.05699676  0.0078195  -0.03170134 -0.06038915 -0.02722377 -0.03542105
  0.07283662 -0.02858608  0.0201888  -0.14775464 -0.04700305 -0.05099367
  0.10745938 -0.0183576  -0.00637898 -0.06820551 -0.06705944  0.02093382
  0.11539488  0.01352882  0.16699383 -0.01109614  0.01561768  0.08107226
  0.05588132 -0.00304052 -0.00267151 -0.07401486  0.09955645 -0.0757712
  0.06510438 -0.0338037  -0.00608053  0.01488572  0.09440457 -0.16892222
 -0.1427082  -0.1612013  -0.16707495 -0.03956497  0.12776679  0.00496237
  0.03134848  0.15565431 -0.12085874  0.00767638 -0.14182971 -0.01770249
 -0.0953171  -0.02115852  0.07774761 -0.17381591  0.17475717  0.18558584
  0.00754244 -0.04338052 -0.10340843  0.00256108  0.01937433 -0.07792735
 -0.10229017 -0.12266148  0.14518008  0.11333305  0.0018436  -0.02970288
 -0.09133647 -0.04306616 -0.26733282  0.01704477 -0.01790334  0.02927148
 -0.09289517  0.1241769  -0.00327467 -0.04988133 -0.05947608  0.0187662
  0.01781194 -0.15473358  0.03253005  0.0155867   0.04354739  0.00068332
 -0.03729643 -0.00602753  0.03831429  0.06057051 -0.09061209 -0.08774166
 -0.0596084  -0.04826237 -0.00528536  0.17316319  0.08994247  0.03863046
 -0.15159816 -0.10402927 -0.11977824 -0.11316708 -0.02183244 -0.10586754
  0.08965652 -0.06227355 -0.11736025 -0.06960645  0.19815376  0.07799028
  0.06742443 -0.05367756 -0.07404053  0.02641566  0.1590071   0.11829141
  0.09943943  0.0247041 ]