[-0.03030806  0.11573869  0.13106148  0.05633887  0.01182251  0.09718183
 -0.10133123 -0.05372321 -0.00966733 -0.03605654  0.01728423  0.0050085
 -0.03033593  0.01803614  0.09586004 -0.02097646  0.05454513  0.07933657
  0.05358633  0.02715483  0.06411438 -0.02669389  0.10990264  0.10501377
  0.12135717 -0.14501584 -0.01753163 -0.02320072 -0.00975835  0.0482183
  0.09183436 -0.03177962  0.18875356  0.08610857  0.07259498  0.04313838
  0.09108798  0.01910841  0.00268256 -0.10869209 -0.02391186 -0.07552352
  0.08311123 -0.1572475  -0.05378176 -0.01923279  0.09389392 -0.06108424
 -0.1566084   0.06164027 -0.01359007  0.00145545  0.14061202  0.02102833
  0.03839569  0.0959767   0.04505803 -0.04484902 -0.10936575 -0.07409001
 -0.09521957  0.06086856 -0.00823737 -0.22546789  0.12710752  0.16544622
 -0.06871399 -0.03390753 -0.26970106  0.10298186 -0.0171891  -0.05400346
 -0.18020181 -0.08129073  0.10850431  0.07514845  0.06940791 -0.06665573
  0.05483835 -0.0078337  -0.17420258  0.0066078   0.01252112  0.0299374
  0.03175687  0.03163251 -0.12244488 -0.01312881 -0.00398837  0.16261742
  0.04349855 -0.10329819  0.04374118  0.12221348  0.02532426  0.00982569
 -0.09879504  0.14291765 -0.02127253 -0.00997334  0.06251714 -0.01829023
 -0.09455605 -0.01785132  0.03826319  0.14535768  0.08749967 -0.11411561
  0.01147158 -0.09533935 -0.09674419 -0.00831387  0.06362896 -0.02736893
  0.07741801 -0.02089559 -0.03248516 -0.0014399   0.08386408  0.20713817
  0.09359498 -0.06930662 -0.05778047 -0.02936983  0.08465445  0.13650653
  0.22266933 -0.01506837]