[-0.05089481  0.02721969 -0.11903146 -0.1337451  -0.02748857  0.00459586
 -0.1036018  -0.09489957 -0.09556334 -0.03546933  0.01300015 -0.05916226
  0.09725496  0.28339645  0.11516461  0.01034283 -0.00668392 -0.1427298
  0.15367416 -0.08189575 -0.06441271  0.09273334  0.0054376  -0.16116422
  0.03005419  0.15471086  0.08051433  0.00500969 -0.05500009  0.08412538
  0.02033043 -0.04218159  0.06614368 -0.10840607 -0.00712461  0.14674403
  0.05108652  0.0292195   0.09499536  0.11854801 -0.04437844  0.09322952
  0.04116552  0.07585005 -0.04808925  0.14380188  0.09297134 -0.07484616
 -0.01309801 -0.16400665 -0.07900773 -0.0934209   0.04388103  0.05742028
 -0.01294828  0.07895809 -0.05816496  0.15782833  0.03993258  0.01869714
 -0.05848103 -0.01579316  0.06252834 -0.00192066  0.04346316  0.08583793
  0.06378032  0.15408418  0.16621508 -0.09727762  0.11057971  0.01262412
  0.02257461 -0.16444685  0.12719326  0.0863042  -0.15949562 -0.10971071
 -0.07231992  0.02369176  0.0956723   0.00116903 -0.00452901  0.02226826
 -0.1455819   0.0470021   0.0552849  -0.11268518 -0.07853348 -0.07800946
 -0.07324117 -0.05551523  0.05280603 -0.02936109 -0.0194797  -0.02570843
 -0.02337884  0.05678674  0.08355696  0.03109555 -0.17809813  0.02349157
  0.09161542 -0.03872526 -0.21252473  0.06933356 -0.12678033  0.02546458
 -0.1063991  -0.05173854  0.08243635 -0.13814874 -0.07393    -0.03346662
 -0.08834463  0.04857156 -0.08825684 -0.04338208 -0.05214406 -0.08526106
  0.05950864 -0.07782814  0.00238106  0.00934677 -0.01433438  0.00624271
 -0.0902138   0.11193329]