[-1.34908641e-02  8.12934265e-02  6.40375763e-02 -7.44293034e-02
 -3.67485322e-02  8.25773105e-02  5.62329777e-03  2.30396166e-02
 -1.79638211e-02 -7.78317545e-03  1.38983160e-01 -3.61975096e-02
  2.84979269e-02  5.02342544e-02  1.22504920e-01 -3.10175251e-02
 -6.47285506e-02 -7.86222219e-02 -1.12208351e-02 -4.36986517e-03
  2.11550482e-02 -3.46497186e-02  9.85242128e-02  4.94379625e-02
  4.85556908e-02  3.96951364e-04  7.87880346e-02 -5.34228683e-02
  1.21255122e-01 -8.06507766e-02  9.11460444e-02 -1.50271714e-01
  5.22522330e-02  6.53120177e-03 -1.49306078e-02  4.92789149e-02
 -3.43421660e-02  2.23866716e-01  2.08880566e-02  7.79944882e-02
  6.51765440e-05 -8.32270179e-03 -1.66042328e-01 -1.20831898e-03
 -1.05331674e-01 -1.87234010e-03 -3.35747260e-03 -6.27984032e-02
 -1.65672481e-01 -6.03839867e-02 -1.73272833e-01  3.64370756e-02
 -2.39754692e-02 -1.29371078e-03 -6.54869750e-02  5.56258559e-02
 -4.72060293e-02  2.10487023e-01 -1.63094759e-01  2.61158356e-03
 -1.81089848e-01 -3.85597907e-02  2.02964172e-01 -1.16118237e-01
  1.32316813e-01  1.54447898e-01  1.60698593e-02  8.59203637e-02
 -1.01275451e-01  5.31469099e-02  4.72559072e-02  2.87031718e-02
 -7.56792575e-02  5.72602847e-04  1.86762795e-01 -4.84623834e-02
 -4.91717234e-02 -4.27508689e-02  2.80636922e-02  3.86765152e-02
 -1.46474600e-01 -9.21353251e-02  6.22187136e-03 -6.23290129e-02
 -1.09397262e-01 -1.50565393e-02  3.87005620e-02 -1.29774194e-02
 -2.49132682e-02 -2.10870504e-02  1.01886041e-01 -1.36226550e-01
  5.01928180e-02  6.44492209e-02  6.23478182e-02 -1.16734125e-01
 -4.65610921e-02 -1.81979220e-03  5.14155142e-02  4.04572226e-02
 -1.02954932e-01 -5.51123321e-02 -1.05703704e-01  1.21227198e-03
 -4.08034548e-02  1.57343969e-01  5.99139780e-02 -1.71521101e-02
  1.27084181e-01 -2.39625141e-01  1.71510298e-02  1.35632187e-01
  3.31847519e-02  4.48471680e-02  1.41860738e-01  7.22795650e-02
 -1.40928388e-01  1.67497639e-02  1.02647625e-01  1.40541196e-01
 -3.30615236e-04 -1.22052610e-01 -1.18787080e-01  8.60510245e-02
  6.05472215e-02  1.30657271e-01  3.39113139e-02  2.62493137e-02]