[ 0.03620469  0.16978243  0.08553773  0.04163245 -0.03420454  0.07438745
  0.11889116 -0.01742536 -0.01370888  0.0185652   0.18041517  0.0039683
 -0.00953471  0.05048007  0.01482366 -0.11811993  0.00500519  0.0986376
 -0.09172504 -0.06015928  0.02321103 -0.00199031 -0.00651728  0.07750544
  0.06461503 -0.11571387 -0.0179882   0.10192544  0.136648    0.03659127
  0.01167022 -0.09660649 -0.03462119 -0.00724801 -0.03123667 -0.06018254
 -0.12563919  0.10091618 -0.01534314  0.11606426 -0.00386524  0.07978449
 -0.11248182  0.06059056 -0.12937082 -0.13577351 -0.05013777 -0.07043701
 -0.03652795 -0.03450682  0.05263638  0.19705877 -0.15703256 -0.01721102
 -0.07851411  0.04981052 -0.06929616  0.19519447 -0.04159416  0.02770924
 -0.16257955 -0.06443503  0.15180047 -0.06337725  0.02794648  0.05318963
  0.05657627 -0.08326984 -0.18732114  0.15588148  0.12869409  0.06751794
  0.08690781  0.11232632  0.03698507 -0.0893667  -0.01919794 -0.08351493
 -0.03860776 -0.02479849 -0.09635425 -0.03524752  0.08993308 -0.04038346
 -0.01362087 -0.05656788  0.02933661 -0.09629025  0.01443998 -0.01922156
 -0.0115526  -0.16542114  0.02804639 -0.05490503  0.10016113 -0.19566275
 -0.02878951 -0.04167731  0.00942241  0.06551484 -0.09470974  0.14470571
  0.04833061  0.09590654 -0.05624004  0.11665766  0.09060553  0.02179354
  0.17532003 -0.17807417  0.0649282   0.07399626 -0.03384923  0.14809316
  0.06348271 -0.00884251  0.04425048  0.04708848  0.14904985  0.07519232
 -0.01677595 -0.10590033 -0.14621122  0.0203032   0.10455068  0.07023893
  0.09227741  0.04371699]