[ 0.00379042  0.11677635  0.11368407 -0.01579113 -0.04003704  0.09035301
  0.03092113  0.02260881  0.15162493 -0.06359219  0.14584835 -0.08624851
 -0.04073834  0.06138077  0.14490893 -0.08352028  0.00124109 -0.04552563
 -0.10713974 -0.10310629 -0.00626842  0.04936757  0.01413137  0.06940991
  0.07974985 -0.09276531  0.03155129  0.07740737  0.11242764 -0.09353296
  0.21228801 -0.08257516  0.017321    0.02623928 -0.01128949  0.07958659
 -0.00840247  0.14008397 -0.01969279  0.09967954  0.05628944  0.05909998
 -0.1602501   0.00108651 -0.03655111 -0.09191244 -0.10697742 -0.01768926
 -0.00153532 -0.05675572 -0.138412    0.13329926 -0.03313567 -0.05049718
 -0.0912817   0.06272861 -0.12956272  0.17023556 -0.10505609 -0.02700157
 -0.24054538 -0.0595285   0.1159804  -0.11404327  0.00063233  0.15447958
  0.10810549  0.02003905 -0.12210166  0.14222665  0.07740857  0.02052491
 -0.00525778  0.05273383  0.11498213 -0.12078827 -0.04272723 -0.0713029
 -0.03934704  0.00413791 -0.07480956  0.01026555  0.04095151 -0.08923655
  0.02013222 -0.06367552  0.02689242 -0.03598382 -0.04296286  0.01040605
  0.10307171 -0.13548726  0.0375917  -0.02164689  0.13569    -0.09109639
 -0.05417191 -0.07213287 -0.00441184  0.06770008 -0.12183104 -0.02435427
 -0.04913449  0.01423289 -0.06548668  0.12744483  0.05029796 -0.10659698
  0.16949947 -0.16781479  0.03762054  0.1133867  -0.03581275  0.10303793
  0.14918882 -0.01038903 -0.02611243 -0.01632193  0.15833387  0.09482474
  0.07549652 -0.04847639 -0.08798406  0.11256492  0.09401056  0.0142141
  0.10451996  0.03246984]