[-0.01430357  0.00501378  0.0542716   0.07573493 -0.03632763  0.00706592
  0.13062921  0.07444252 -0.00481791  0.04425792  0.14083314 -0.01239854
  0.01458657  0.07050066  0.17982724 -0.07709093  0.04130651 -0.08179123
  0.05895476  0.00811001 -0.05236689 -0.0948684   0.04235811  0.01693227
  0.03293688 -0.03130514 -0.05811641 -0.08815047  0.07835306 -0.08606583
  0.09312582 -0.00929727  0.05537442 -0.0321481  -0.0432049   0.07134713
 -0.02146359  0.17013973 -0.07486915  0.04343455  0.0904637   0.03123775
 -0.21274643 -0.0396653  -0.15753523  0.03396212 -0.04797414 -0.10561501
 -0.0413968  -0.16507532 -0.15362968  0.05334653 -0.02866099 -0.04883473
 -0.03529575  0.07464842 -0.07955416  0.13751294 -0.08814655  0.13555855
 -0.19331296 -0.07621385  0.06179905 -0.17442288  0.19881678  0.14721195
  0.0726552  -0.00111033 -0.07574619  0.00098706  0.07036767  0.06750723
 -0.01958529  0.03527971  0.12319406 -0.00368357 -0.02174586  0.00864385
 -0.01300369 -0.01502189 -0.21409456 -0.13026673 -0.03730907 -0.08127377
 -0.033381   -0.00770682  0.07755066 -0.0562907  -0.08651283 -0.09714212
  0.05972264 -0.03993183  0.05747207 -0.04356232  0.0537006  -0.1257081
  0.04781307 -0.10525569  0.06107267  0.07719056 -0.12169661 -0.03087923
 -0.00374925 -0.05557631 -0.05165398  0.1428653   0.12509762 -0.01785894
  0.14792423 -0.13745116 -0.06704693  0.04485767  0.01721949 -0.09333624
  0.13828333  0.00340327 -0.04882988 -0.06377965  0.10173515  0.10768989
 -0.03903804 -0.10179114 -0.1458893   0.16230419  0.11732671  0.12190381
  0.03046646  0.04805556]