[-0.02810231  0.1256838   0.10379376  0.10700284 -0.06111737  0.15914355
  0.07554558 -0.03526172  0.10650907 -0.08948772  0.10698864 -0.02809434
 -0.05426404  0.01942714  0.07199846 -0.08224063 -0.09057309 -0.01060021
 -0.10854674 -0.1498426   0.03877844 -0.06885914 -0.0643526   0.04628789
  0.13398197 -0.13037418 -0.10910811 -0.00105743 -0.02262291 -0.02964238
  0.17442869  0.05757115 -0.046937    0.06272281 -0.02263813  0.07398406
 -0.04887782 -0.01494236 -0.01744152  0.05584766  0.14784174 -0.02992532
 -0.04286051 -0.04678869  0.00358032 -0.10084318 -0.01604561 -0.10698634
 -0.09524925 -0.11135885 -0.06044955  0.04830142  0.01331235 -0.02135731
 -0.01448463  0.13676949 -0.12606378  0.13521133 -0.04716938 -0.02120976
 -0.16411211  0.03123672  0.06033294 -0.17129539  0.06146429  0.22875161
  0.09896847 -0.03455146 -0.14796911  0.16637844  0.06339523  0.0566278
 -0.00174124  0.03271039  0.11107368 -0.01983938 -0.03728212 -0.11663596
 -0.11377268 -0.01485627 -0.13642418  0.02182811  0.03965412 -0.08670092
 -0.1103645   0.08494182  0.06045985 -0.11744116 -0.11453953  0.0235942
  0.07487074 -0.18655528  0.03915553 -0.07807908  0.02145633 -0.00112365
 -0.05130171 -0.07582512  0.0467981   0.12184527 -0.08637711 -0.02830346
 -0.01861195  0.04263711 -0.0174108   0.14664336  0.01358807  0.03058311
 -0.05285799 -0.13342325 -0.04243373  0.03197863 -0.06395974 -0.0588461
  0.14579737 -0.03515123 -0.0448821   0.00290406  0.21787007  0.08687393
  0.12268645 -0.06422181 -0.05933463  0.07884592  0.14035198  0.07681538
  0.10137056  0.05065177]