[ 0.00273487  0.21459545  0.11325117  0.02053035 -0.08231786  0.16571896
  0.03812906  0.0159269  -0.027426    0.05403757  0.118286   -0.14462422
 -0.01699973 -0.00985867  0.17389999 -0.05305859 -0.0464085   0.01806139
 -0.08608147 -0.11001909 -0.05210752 -0.02754494  0.03062726  0.11809953
  0.09692512 -0.15080664 -0.02584615  0.03970728  0.11798189 -0.0946918
  0.13764234 -0.02994255 -0.09172945  0.05528555 -0.02525787  0.05490022
 -0.07348479  0.02884014 -0.03545924  0.08860801  0.0256683  -0.08511494
 -0.11539976 -0.00097446 -0.02866795 -0.02304471 -0.00744047  0.04650256
 -0.17760532 -0.02456689 -0.00099169  0.12081502 -0.05013502 -0.10010099
 -0.11380463  0.07281336 -0.09105029  0.14531809  0.04374438 -0.04207223
 -0.19067147  0.06470423  0.07786157 -0.13802305  0.01561828  0.20914328
  0.07325399 -0.03576656 -0.20366651  0.17005293 -0.00412963  0.06849777
 -0.01096334  0.09844047  0.12001169 -0.14879899 -0.01928794 -0.04295996
  0.00296577  0.02178966 -0.03953777 -0.07316683 -0.03086571 -0.15472871
 -0.04929074  0.01314908 -0.03937999 -0.12244381 -0.03774767  0.08440959
  0.1003745  -0.08464016  0.0250226  -0.04685344  0.05882146 -0.01337302
 -0.02166122 -0.01283499  0.02431782  0.02843655 -0.05680768  0.02690029
 -0.03463203  0.0289457  -0.04941498  0.13751803  0.01095205 -0.00515135
  0.1342459  -0.14349149  0.05653067  0.18285777  0.02801656 -0.00056316
  0.11881588 -0.03941617 -0.03482054  0.03268014  0.19242728  0.10434833
  0.06796827 -0.15107998 -0.06196308  0.10166479  0.07397942  0.04472359
  0.06936876 -0.02013959]