[-5.09563833e-02  1.91898942e-01  3.94758545e-02  5.74687645e-02
 -8.84370506e-02  1.20318577e-01  4.97517809e-02  1.90621111e-04
  6.79072440e-02 -4.76948321e-02  9.56132784e-02 -1.02601998e-01
 -1.61168240e-02  1.66572947e-02  6.43037334e-02 -6.54908195e-02
 -5.21062315e-02 -7.23196641e-02 -6.17341697e-02 -9.29374248e-02
  4.05313075e-03 -1.32362470e-01  9.00003768e-04  6.71467856e-02
  1.18379429e-01 -1.46097213e-01 -4.62485105e-02  1.04006529e-02
  9.87141654e-02 -5.41120209e-02  1.87856317e-01 -8.89210589e-03
 -1.74764672e-03  4.09486843e-03 -5.26894741e-02  5.22802286e-02
 -4.67296802e-02  7.61837512e-02 -5.20576015e-02  3.48980576e-02
  7.30767995e-02 -7.05475062e-02 -8.03921521e-02 -2.02135071e-02
 -1.23157317e-03 -3.24306898e-02  7.67420453e-04 -4.09814306e-02
 -1.36545613e-01 -1.10286020e-01 -1.37324914e-01  1.02058768e-01
  5.84930405e-02 -7.23742172e-02 -6.77370206e-02  1.08982384e-01
 -1.02665126e-01  1.44965664e-01 -2.05032676e-02 -7.74606615e-02
 -2.02298537e-01  5.20003438e-02  1.06642351e-01 -1.57881856e-01
  4.18236852e-02  2.71525085e-01  8.16912353e-02 -5.14690503e-02
 -1.77669600e-01  6.02163449e-02 -1.28957618e-04  4.03758185e-03
 -5.53719364e-02  4.16880064e-02  1.87997073e-01 -4.42260280e-02
 -1.71891646e-04 -7.27963746e-02 -4.32796329e-02  4.32723835e-02
 -1.46049038e-01 -8.38991255e-02 -1.39689185e-02 -9.78236496e-02
 -4.58241142e-02  8.04062858e-02 -2.49065906e-02 -9.78746191e-02
 -5.97005077e-02  1.00943130e-02  8.91561285e-02 -1.38393626e-01
  3.57995071e-02 -4.83594015e-02  7.23365620e-02 -4.30640131e-02
 -2.29883436e-02 -3.57659068e-03  4.30192389e-02  6.65417016e-02
 -7.07362965e-02 -3.75735611e-02 -2.61840299e-02  4.83028702e-02
 -8.04375559e-02  1.80779532e-01  4.85084876e-02  4.84660938e-02
  6.83223084e-02 -1.78078026e-01 -2.90301652e-03  9.77360308e-02
 -3.00387647e-02 -3.72313820e-02  1.21296227e-01 -2.80747679e-03
 -8.84117112e-02  3.40376273e-02  2.39254087e-01  1.29610077e-01
  3.28342654e-02 -1.25395074e-01 -1.06391788e-01  7.77805224e-02
  7.25751594e-02  9.88600254e-02  4.09897566e-02  1.92707796e-02]