[ 0.02280327  0.07954907  0.09005818 -0.01838142  0.01789285  0.04473895
  0.11136758 -0.02973982  0.01211772 -0.01397018  0.133417    0.03781228
  0.03729348  0.11181957  0.08590423 -0.13039914  0.07510136  0.04685473
 -0.01727574  0.01314821  0.05312461  0.06679045  0.01847974  0.13443623
 -0.02775357 -0.04772443 -0.03452916 -0.01958309  0.13748218  0.05566869
  0.04917894 -0.13028552  0.03583491 -0.01614816  0.08574375  0.05009641
  0.0078504   0.21790218 -0.07523093  0.06075878 -0.02061476  0.1657653
 -0.17241339  0.04358548 -0.16826937  0.00718639 -0.00234206 -0.04549405
 -0.02304185 -0.06271952 -0.06853183  0.10449507 -0.09244987 -0.01684812
  0.03577136  0.07070068 -0.07867961  0.2286033  -0.12553753  0.03738723
 -0.16266078 -0.07287349  0.16743499 -0.14911722  0.16821632 -0.05322837
  0.0863248  -0.01537944 -0.14083374  0.1396236   0.15972717  0.03527625
  0.01845829  0.01824031  0.02396581 -0.01102627 -0.0683658   0.03934181
  0.05639343 -0.06576666 -0.12710148  0.03709579  0.01158324 -0.04411149
  0.01107235 -0.1663048   0.05764396 -0.02719005 -0.03160135  0.00521454
  0.05614369 -0.11926958  0.08818766 -0.04385774  0.10404836 -0.20593862
  0.01710742 -0.03659378  0.01518234  0.0750218  -0.07131032  0.1293271
 -0.03089504  0.00041559 -0.12421557  0.10374526  0.07797224 -0.1269639
  0.178426   -0.10847207  0.0469033   0.03550464 -0.0376419   0.08482878
  0.08275226  0.0774669  -0.02342927 -0.11104669 -0.0183203   0.10606182
 -0.04112529 -0.05275182 -0.14932634  0.08300065  0.06161724  0.12292738
  0.05580256  0.0003923 ]