[ 0.04210264 -0.0244167   0.00211132 -0.02536492 -0.01013324  0.05958742
 -0.0084016  -0.02189331 -0.00590077 -0.06734115  0.13090323 -0.004083
  0.02139668  0.16779539  0.12218988 -0.07941146  0.07559542 -0.10952362
  0.09297724 -0.0128131   0.00460482  0.02865565  0.04955246 -0.02445158
  0.0102369   0.02726196  0.01822389 -0.06925398 -0.00464766 -0.03120287
  0.07482355 -0.13024491  0.05867872 -0.04635288  0.0228988   0.14488918
  0.02894092  0.16867793  0.04752085  0.09008588 -0.02423046  0.15097691
 -0.21758927 -0.0933798  -0.08546794  0.09926067 -0.04679764 -0.1130601
 -0.04182346 -0.12195399 -0.17594814  0.06752019  0.01268816  0.03656623
 -0.04472112  0.04898029 -0.03011012  0.16333085 -0.18265116  0.11337385
 -0.10637861 -0.01780703  0.12542954 -0.19192493  0.16079339  0.03429547
  0.09812294  0.17488883  0.01977731  0.06140194  0.16712117  0.0330929
 -0.05548484 -0.1010806   0.0866465   0.07562945 -0.08447905 -0.03614462
 -0.01383864  0.0049862  -0.18196899 -0.01321806 -0.00185846 -0.04002474
 -0.09287307 -0.01304091  0.07651635 -0.05648508 -0.11055938 -0.08551893
  0.05544695 -0.11690663  0.13393123  0.08570506  0.0564266  -0.15383476
  0.02088961 -0.11028882  0.03225709  0.08094398 -0.11197874  0.00819675
 -0.09667286 -0.05084006 -0.0631946   0.13470578  0.07751668 -0.10627709
  0.00394828 -0.10529409 -0.01821041 -0.04249513  0.02828115  0.00747452
  0.0906038   0.0935812  -0.1551362  -0.06341593 -0.00526416  0.04966034
 -0.05280236 -0.06722928 -0.0960183   0.09927705  0.13812067  0.12733264
  0.03495731  0.03748047]