[ 7.40509061e-03  8.05503502e-02  3.61232124e-02 -1.38690993e-01
  6.93882033e-02  1.19704060e-01 -1.16127633e-01  3.92924622e-02
 -1.07769430e-01 -7.21659139e-02  5.11672273e-02 -8.18208307e-02
  3.05966642e-02  1.35530978e-01  1.56409591e-01  4.95640785e-02
  8.83206055e-02 -4.94079627e-02  5.49620688e-02 -4.73178215e-02
  9.95716080e-02  6.06151037e-02  1.43276751e-01  5.70204742e-02
  1.30459309e-01  8.02340824e-03  1.13958627e-01  1.50985494e-02
  1.68384597e-01 -6.13284260e-02  1.65783063e-01 -1.17417932e-01
  5.10170348e-02  4.07242328e-02 -3.83567698e-02  8.64179581e-02
  9.34561808e-03  9.38469172e-02  8.49369615e-02  6.74125180e-02
 -1.60828605e-02  7.92948827e-02  2.66878232e-02  3.19396928e-02
 -5.42327277e-02 -2.49216016e-02  9.20014232e-02 -3.27864736e-02
 -1.15435176e-01 -2.75751818e-02 -1.06323361e-01  9.11149569e-03
 -1.91743933e-02 -5.15453797e-03 -5.89205176e-02  6.69160038e-02
  2.87030041e-02  2.26118773e-01 -5.01125082e-02 -9.83893350e-02
 -1.50106624e-01  2.64000576e-02  1.31897673e-01 -1.17582776e-01
  3.27503420e-02  1.34120882e-01 -5.03764814e-03  8.34392905e-02
 -4.34686318e-02  1.29133791e-01 -8.36060848e-03  7.54817948e-02
 -1.18177123e-01 -2.54986994e-02  1.41013563e-01 -8.46959427e-02
 -1.77177992e-02  1.32912276e-02 -1.38620322e-03  4.39900625e-03
 -5.85652366e-02  6.87534213e-02  7.47276396e-02 -3.16409878e-02
 -2.44335029e-02 -3.68694551e-02 -2.00814626e-04  3.12035214e-02
 -1.66156199e-02 -1.31814461e-02  1.26215771e-01 -5.91917783e-02
 -5.16670533e-02  5.24709448e-02  1.89711228e-01 -3.66705656e-02
 -7.02726021e-02  2.04834014e-01 -8.46240371e-02  4.26656054e-03
 -1.62435770e-01 -5.83263747e-02 -3.55968662e-02  9.50857550e-02
 -1.35323673e-01  1.55180261e-01 -5.41547239e-02 -7.60552809e-02
  1.47615805e-01 -2.41251349e-01  2.39253826e-02  1.10499963e-01
 -2.89506279e-02  1.12882100e-01  1.31430313e-01  2.04362087e-02
 -4.34811115e-02 -8.97383019e-02  5.76753654e-02  1.50039479e-01
  7.23650157e-02 -2.10008938e-02 -3.72607410e-02  2.05477048e-02
 -1.05866633e-01  2.81653870e-02  4.37966511e-02  5.27498834e-02]