[ 0.00756438  0.17629224 -0.03117637 -0.04419372  0.10350487  0.18994023
 -0.01575677 -0.08710185 -0.0370072  -0.01610543  0.11193532 -0.01626378
  0.02406084 -0.00796241  0.0622311   0.1105164  -0.05813296  0.02005383
 -0.07843406 -0.03923285  0.09498359  0.01012141  0.09951472 -0.00557
  0.12909704 -0.06023548  0.01338095  0.01664387  0.15602207  0.03909276
  0.11619139  0.02844804 -0.00482006  0.06428844 -0.00095992  0.05193524
 -0.001705    0.00122625  0.1265955   0.02029632  0.04836949 -0.05654503
  0.11067471  0.03261108 -0.09994345 -0.10613231  0.09070449  0.02946015
 -0.1220543   0.01731587 -0.04184926  0.02256861 -0.09527583  0.00191658
 -0.02835318  0.05294216 -0.0364554   0.16029567 -0.11273996 -0.02661804
 -0.2096173  -0.01966489  0.21750154 -0.16288617  0.07936839  0.16181409
 -0.07802451  0.02022041 -0.16296196  0.13037713 -0.00870638  0.12911369
 -0.07710882  0.03161843  0.11613227 -0.06611725  0.0410842  -0.03834843
 -0.07565745 -0.00523246  0.04389092  0.01418199  0.09080574  0.02951623
 -0.11231948  0.0555939  -0.02286396  0.00249977  0.00110447  0.06912569
  0.12103751 -0.1546649  -0.12986514  0.05059532  0.09348144 -0.04129419
 -0.13006888  0.16264123 -0.03434547  0.03201686 -0.06839132 -0.07485717
 -0.03228366  0.09682708 -0.02162518  0.17720231 -0.01042573  0.0842545
  0.11172842 -0.15067336 -0.03142499  0.10066875 -0.01156007  0.13850939
  0.12804464 -0.02063634 -0.00402754  0.09994103  0.12265625  0.19942965
  0.12553592 -0.08196979  0.03453815  0.03886759 -0.05380363  0.06503168
  0.07821598  0.05211446]