[ 1.01095885e-01  8.66102949e-02  1.83476061e-02  1.24493772e-02
 -1.33566093e-02  1.82443783e-01 -8.70337524e-03  5.06905559e-03
  4.39945720e-02 -4.43148091e-02  2.17560545e-01 -1.61800571e-02
  7.40921274e-02 -2.03329269e-02  3.00699882e-02  3.02307233e-02
 -2.69010477e-02  4.22878331e-03 -1.56494617e-01  1.08780311e-02
  1.42831564e-01 -2.79223453e-02  4.94377315e-02  1.48693472e-01
  9.14346203e-02 -1.00321628e-01  6.10617138e-02 -7.54334871e-03
  8.83952081e-02  2.51900237e-02  9.41239744e-02 -3.72358784e-02
  6.57834439e-03  1.35439068e-01 -7.00760186e-02  2.04905812e-02
 -3.38152014e-02  7.81872794e-02  5.53835556e-02  1.91613343e-02
 -3.68877756e-03 -9.30168033e-02 -5.32750413e-02  5.98698207e-05
 -3.67736258e-02 -2.13769972e-01 -2.42182054e-02  2.75391378e-02
 -9.07910988e-02  4.69186939e-02 -2.09115446e-03  5.90154678e-02
 -6.38896376e-02  2.02201344e-02 -2.42722109e-02  4.64480631e-02
 -8.24795887e-02  1.19489610e-01 -8.90570879e-02 -8.54665637e-02
 -1.83265969e-01 -7.50630647e-02  1.82970986e-01 -1.36558592e-01
 -3.74378972e-02  1.52050301e-01  4.31509828e-03  5.53158112e-02
 -1.54036701e-01  9.51113179e-02 -3.15773003e-02  1.61364973e-02
 -1.00668617e-01 -2.39214730e-02  1.11434504e-01 -1.09136380e-01
  7.20621198e-02 -5.34775667e-02 -3.53923813e-02  1.42186999e-01
 -1.96575839e-02 -7.55621418e-02  8.98663551e-02 -9.47084576e-02
 -5.96399494e-02  7.15302527e-02  2.02740356e-02 -3.34274173e-02
  3.32714021e-02  7.64116049e-02  9.99189019e-02 -2.23437816e-01
 -6.49190620e-02  1.18192688e-01 -1.21314581e-02 -6.32296503e-02
 -1.43017963e-01  6.59984164e-03  1.15890782e-02 -1.92150613e-03
  3.54457721e-02 -2.03577690e-02 -7.22507685e-02  9.88727212e-02
  2.94290744e-02  1.37051255e-01  5.08691370e-03  2.13244408e-02
  7.63022602e-02 -2.18770266e-01 -3.70338820e-02  1.61992624e-01
 -1.49763497e-02  1.16407230e-01  1.57665253e-01  3.60311531e-02
 -6.53460622e-02  8.87299031e-02  1.13831878e-01  1.78966179e-01
  5.95954396e-02 -9.98677462e-02 -2.43652482e-02  7.78758153e-02
  5.19849733e-02  7.72922710e-02  1.37386248e-01  4.04766351e-02]