[ 0.02768703  0.10396086  0.01395772  0.04507773  0.07042023  0.19438992
  0.01747352 -0.07316982  0.02010156 -0.03548399  0.17388318  0.05313211
  0.02133199 -0.0604802   0.01838391  0.0781115  -0.07441974  0.04592995
 -0.09859864 -0.03911748  0.16310988 -0.00543647  0.04928573  0.10408382
  0.14468439 -0.06221627  0.02237495 -0.03831197  0.13916869  0.07949743
  0.10491607  0.03446106 -0.00475753  0.09137756 -0.03107196  0.01124829
 -0.04382517 -0.02397269  0.10097922  0.02511331  0.09697598 -0.08008058
  0.04950719  0.04083925 -0.09947222 -0.21277438  0.0553925  -0.02423093
 -0.05654637 -0.03146521  0.03437882  0.04617257 -0.07078914 -0.00033057
  0.01534941  0.08409306 -0.03387159  0.14427145 -0.11133536 -0.01804988
 -0.20165871 -0.0905637   0.19869077 -0.13019203  0.06298214  0.11845724
 -0.04181352 -0.03526746 -0.15258472  0.1409771  -0.03851648  0.11128896
 -0.08689746  0.00336666  0.10942437 -0.068151    0.04974587 -0.01372779
 -0.10761254  0.0755008   0.00351556  0.00664303  0.15630805  0.01479454
 -0.08152042  0.05844684  0.05686475 -0.0068048  -0.04615292  0.04053517
  0.07616071 -0.17229074 -0.1300588   0.07390463  0.00910172 -0.06625669
 -0.14815223  0.08081683  0.02131245  0.03151197 -0.00754686 -0.04356344
 -0.0206561   0.12438589  0.04090372  0.13332109  0.03091015  0.07651745
  0.08080266 -0.17395759 -0.06944975  0.09863476 -0.03711275  0.08851681
  0.151256    0.014672   -0.01410522  0.09086484  0.10894182  0.2084004
  0.12103756 -0.08217739 -0.02776192  0.00390114 -0.02132179  0.13468927
  0.0998439   0.09606398]