[ 0.08533712 -0.00354991 -0.12220761  0.0592563  -0.00370357  0.06949774
 -0.0006343  -0.07042867 -0.0263932  -0.2559832   0.05704643  0.08565328
  0.01701382 -0.08882942 -0.26330197 -0.04938919 -0.17503177 -0.06082016
 -0.08642884  0.13040592  0.21008089 -0.11844989  0.01459678  0.06374691
  0.0497239  -0.00711829  0.02146149 -0.12430548 -0.04717196  0.11987109
 -0.06546213 -0.10390127 -0.07459208  0.0216264  -0.04813454 -0.05499863
 -0.13407642  0.061123   -0.01619462 -0.04317494 -0.00580512 -0.02563721
  0.01373944  0.15190054 -0.03101033 -0.07621378  0.13350625 -0.06959585
 -0.08029711  0.08484536 -0.07065874 -0.01608479  0.02520809  0.08393514
  0.11833458 -0.04678306 -0.01879884  0.13484237 -0.03435547 -0.17613852
  0.03512502  0.02583698  0.27207023  0.0548978  -0.05774776 -0.05179355
  0.03194404 -0.03146169  0.03613849 -0.03102233 -0.0066347   0.01336503
  0.02390832  0.01011526  0.03790559 -0.01914505 -0.02420865 -0.07823779
 -0.04177813  0.21657303 -0.03190447 -0.00347056  0.01786049 -0.06819897
 -0.1142264   0.09684549  0.02878014  0.01808825  0.01433287 -0.06194639
  0.09333131 -0.15502959 -0.05436368 -0.01386097 -0.08061866 -0.10782594
 -0.01877644  0.05798085  0.07715032 -0.05973099 -0.01892679  0.03425952
  0.02851759  0.10173398 -0.10867517  0.0665325  -0.0394882   0.25685701
 -0.10383222 -0.09078368  0.10415288  0.05879436 -0.12407514  0.03311343
 -0.00803854  0.12848885 -0.09387827  0.03155752  0.07289304  0.04141966
 -0.10601373  0.04456771 -0.01169426 -0.05541417 -0.06003835  0.0740198
  0.02406047  0.01599508]