[ 4.50514928e-02 -7.56520852e-02 -7.46120960e-02  1.57313701e-02
  1.27650976e-01  5.33150136e-02 -2.24406123e-02 -4.48926166e-02
  8.80268142e-02 -2.89329410e-01 -1.99019797e-02  6.30612895e-02
 -5.88679314e-03 -1.00692049e-01 -1.52956888e-01  2.44581979e-03
 -1.91223517e-01 -1.90405734e-02 -1.55741706e-01  1.33076042e-01
  2.38181397e-01 -6.35911450e-02  4.86027747e-02  1.02394046e-02
  4.41979617e-02 -1.27129748e-01 -3.90948765e-02 -1.55325025e-01
 -1.23440303e-01  9.44737494e-02  2.00895034e-02 -1.07384570e-01
 -2.15821937e-02  4.05609831e-02  7.44794756e-02  4.63807955e-02
 -6.01486303e-02 -3.23907323e-02 -8.08206648e-02 -1.29491046e-01
  4.57058176e-02  8.14054161e-03  6.10749535e-02  1.30978525e-01
 -2.43780538e-02  2.68826056e-02  9.36785266e-02  4.39590920e-04
 -5.46309091e-02  1.08285159e-01 -1.63556129e-01 -1.51299000e-01
  4.19955552e-02  2.70239003e-02  1.26038313e-01 -3.71069424e-02
 -9.50267538e-02  5.18058762e-02 -1.18344933e-01 -1.11243665e-01
  5.02279624e-02  3.79383005e-02  1.60277888e-01  4.37537096e-02
  3.01682651e-02 -1.21387087e-01 -7.36178234e-02  6.75169379e-02
  2.42896415e-02 -1.12870708e-02  6.09847456e-02  8.15791637e-03
 -4.14277893e-03 -1.84351906e-01 -4.54652868e-02  8.96662474e-02
 -4.62382920e-02 -2.65375040e-02 -3.16079110e-02  1.44109026e-01
  7.02220641e-05  3.47333588e-02 -7.23121613e-02  1.59495864e-02
 -1.49894819e-01  1.39817432e-01  9.62258875e-03  6.39145002e-02
 -5.92167154e-02  4.80686389e-02  1.30444944e-01 -1.43517345e-01
 -1.20443106e-01 -2.71446463e-02 -1.06964923e-01  1.57203316e-03
 -1.05710715e-01  2.35005189e-02  9.32096876e-03 -3.13798264e-02
  3.67191061e-02 -6.98936954e-02 -2.80159134e-02 -6.49442226e-02
 -5.26989736e-02  4.55412716e-02 -7.51941800e-02  1.73618391e-01
 -1.24693938e-01  1.85563657e-02  2.88379788e-02 -3.84167284e-02
 -1.25631616e-01  1.32403513e-02  2.25495733e-03  1.45965233e-01
 -1.17017858e-01  4.24202941e-02 -2.10274588e-02  9.88006741e-02
 -5.19908182e-02  1.13185756e-01 -1.65233798e-02  4.94621545e-02
 -9.99514852e-03  2.12145187e-02  3.35386135e-02 -3.28854397e-02]