[ 9.92446542e-02  5.65684438e-02 -7.62789771e-02 -3.07331625e-02
  8.15099012e-03  1.73660338e-01  1.60304718e-02  2.08316538e-02
 -1.20184256e-03 -1.42121330e-01  1.31022036e-01  1.02987895e-02
  7.42189661e-02 -9.09435600e-02 -1.40632614e-01 -6.97918329e-03
 -9.86578614e-02  1.24673359e-01 -1.67787611e-01 -1.12074788e-03
  2.55561799e-01 -1.01959929e-02  1.39348942e-03  1.96045563e-01
  3.41704413e-02 -1.55497104e-01  3.07501722e-02 -9.00575146e-02
  4.76927496e-02  1.27999604e-01 -1.39554022e-02 -1.23255327e-01
 -6.05520979e-02  9.21430811e-02 -1.89246014e-02 -6.74441308e-02
 -1.06148623e-01 -8.22264850e-02 -5.00872685e-03  2.78470032e-02
 -2.01641433e-02 -4.18059863e-02  2.94370055e-02  1.89264998e-01
 -2.90643424e-02 -2.06321374e-01  7.96385556e-02  4.16518794e-03
 -1.28864437e-01  8.65553021e-02 -6.82472996e-03 -8.17900151e-02
 -4.35508043e-02  4.09673750e-02 -3.64484452e-02  5.74037656e-02
 -1.95799004e-02  1.54044569e-01 -9.53903608e-03 -1.41859427e-01
 -3.70686650e-02  4.91376370e-02  2.18299791e-01 -5.54886460e-03
 -1.23447053e-01 -4.08936776e-02  1.68870087e-03 -6.60898015e-02
 -6.05429523e-02  1.00746565e-02 -2.84628514e-02 -2.29864474e-02
 -2.35732701e-02 -8.57254416e-02  1.78635586e-04 -6.45162389e-02
 -1.56066967e-02 -3.95683274e-02 -5.39264418e-02  1.07126616e-01
  2.77547482e-02  2.26681326e-02  2.22042445e-02 -6.15293570e-02
 -1.13017030e-01  2.10997894e-01  1.27641503e-02 -1.16884470e-01
 -1.68470945e-02  4.27418537e-02  1.10114083e-01 -2.21383318e-01
 -1.37782738e-01 -2.44694985e-02 -2.06307005e-02 -2.08678003e-02
 -1.83633119e-01  8.27122852e-02 -1.96375325e-02  2.12185103e-02
  6.27580062e-02  4.11782414e-03  3.37243415e-02  1.15353867e-01
 -4.31011729e-02  5.85176200e-02 -6.12262115e-02  1.33897871e-01
 -1.11499161e-01 -1.25096843e-01  6.70598596e-02  4.29792404e-02
 -4.65701558e-02  3.81478332e-02 -7.36684771e-03  1.22720011e-01
 -4.33173515e-02  5.17345928e-02  7.75822252e-02  7.93232471e-02
  2.85068224e-03 -8.01752657e-02 -5.46627901e-02  2.22445303e-03
 -9.66897011e-02  3.32435332e-02 -3.53345051e-02  1.35859903e-02]