[ 0.14362288 -0.0570392  -0.05446765  0.02674998  0.08983424  0.13769375
 -0.00710432  0.05021989  0.08104111 -0.23148061  0.11457627  0.07278264
  0.01856903 -0.15332666 -0.15491548  0.06111587 -0.07353812  0.04064256
 -0.20198904  0.11709088  0.29502839 -0.02574775  0.02703428  0.09599566
  0.01862577 -0.13918437 -0.00688666 -0.14753887 -0.04873262  0.07119858
  0.02319077 -0.07868773 -0.01258724  0.12612949 -0.00444226  0.00582833
 -0.05698757 -0.02021121 -0.0200239  -0.0698674  -0.00895574 -0.00498805
  0.01151666  0.07917622  0.02779634 -0.13527666  0.04486101 -0.03504747
 -0.11101957  0.13110398 -0.08480823 -0.09944557 -0.0520938   0.04465064
  0.0376878  -0.01376347 -0.08073891  0.06032149 -0.15102738 -0.07418757
 -0.00103668 -0.01275689  0.19624116 -0.07855008 -0.01100804 -0.11374336
 -0.06321193  0.05200627 -0.05073808  0.03147993  0.01997417 -0.0108902
 -0.07015622 -0.12529014 -0.06949686 -0.00158734  0.0510344   0.01559489
 -0.07127503  0.12421025 -0.03961979  0.0203985  -0.02260559 -0.04465289
 -0.11788352  0.17575583  0.01810917 -0.00439388 -0.02848421  0.06258363
  0.14303227 -0.21799067 -0.19263487  0.08553643 -0.00394034  0.03470869
 -0.12883647 -0.01851649 -0.07379605  0.03122393  0.03799526 -0.08034752
 -0.10195649  0.03245501  0.01482284  0.07315683 -0.02424248  0.09186868
 -0.09881311 -0.09291894 -0.05163537  0.01879391 -0.06024762  0.05583452
  0.11432478  0.09953754 -0.08767541  0.02500287  0.03828705  0.13362569
 -0.04362137  0.07594837  0.01827123  0.08848521  0.05450451  0.01241702
  0.09677616 -0.05098273]