[ 8.13409537e-02  1.74504146e-02 -3.65274027e-02 -3.70325428e-03
  6.74231499e-02  1.37196273e-01  4.93635144e-03 -6.90401625e-03
  1.05590791e-01 -1.95689648e-01  1.42717764e-01  8.67968649e-02
  4.15196791e-02 -9.23076719e-02 -1.17535159e-01 -3.36820185e-02
 -8.47010911e-02  1.10860869e-01 -1.94778949e-01  2.01088071e-04
  2.28738934e-01  6.86210543e-02  7.15081859e-03  1.93045229e-01
  6.67836964e-02 -1.73749626e-01  8.01816061e-02 -4.54533137e-02
  2.41901819e-02  1.36662811e-01  3.88161168e-02 -1.42683968e-01
  1.47650037e-02  9.93464962e-02 -2.18816288e-02 -6.21319525e-02
 -8.50344896e-02 -1.07234456e-01 -4.17837091e-02  4.53086272e-02
  5.49347810e-02 -8.70467070e-03  1.70499962e-02  1.87371507e-01
 -8.32246989e-02 -2.27584764e-01  1.06849028e-02 -1.10848593e-02
 -4.05456824e-03  8.47720206e-02 -3.71682516e-04 -6.89881444e-02
 -3.29508074e-02  6.85867621e-03 -4.10711393e-02  5.65940961e-02
 -8.02492052e-02  1.30004615e-01 -7.74681270e-02 -6.91300109e-02
 -8.73775408e-02 -3.06043196e-02  1.72927782e-01  2.10813396e-02
 -1.10261410e-01 -9.08640400e-02 -2.98522320e-03 -5.61727583e-02
 -7.87185803e-02  3.92659195e-02  1.21049006e-02 -3.09770294e-02
 -9.11004934e-03 -1.37799695e-01  5.37791010e-03 -8.71656556e-03
 -2.88097188e-02 -5.96725941e-02 -9.97166187e-02  1.40116602e-01
  2.51548067e-02  4.30787019e-02  9.47848260e-02  2.00541746e-02
 -5.51541708e-02  1.48173764e-01  5.57598509e-02 -7.71531090e-02
 -8.47461373e-02  5.04813530e-02  6.48013651e-02 -2.25341499e-01
 -1.49454936e-01  1.28175924e-02 -4.17883284e-02 -6.02340549e-02
 -2.27230579e-01  9.45430994e-03 -1.52508840e-02  2.42841896e-03
  5.14047295e-02 -6.63737347e-03  4.69739437e-02  8.29862207e-02
 -2.35871170e-02  2.48881411e-02 -3.62549685e-02  9.48221013e-02
 -9.42581072e-02 -1.09112300e-01  7.26774186e-02  4.16919449e-03
 -6.91973567e-02  9.33292359e-02 -3.51520590e-02  1.02181256e-01
 -5.70326634e-02  7.87839741e-02  4.84560691e-02  1.35711327e-01
  3.83297876e-02 -2.41230521e-02 -1.30120799e-01  1.19368115e-03
 -3.29024531e-02  3.51526178e-02  6.64433138e-03  4.63975817e-02]