[ 0.14621408 -0.0121647  -0.14811003  0.04759856  0.07261615  0.14218879
 -0.05321735 -0.11927844 -0.01427193 -0.25661594  0.09375586  0.06301511
  0.04027886 -0.04304228 -0.18212001  0.01632229 -0.0623168   0.04942403
 -0.06233218  0.08524052  0.25701964  0.00201132  0.0476156   0.12952265
  0.09421055 -0.11741498  0.05517019 -0.10991072 -0.02845026  0.20412061
 -0.02149445 -0.1127192  -0.02698165  0.04718838  0.03691601 -0.01542965
 -0.07270242 -0.09397825  0.03407121 -0.07845157 -0.06252038  0.00164068
  0.08301885  0.14657477 -0.0408207  -0.09750135  0.1231337   0.00681947
 -0.06077432  0.11936048 -0.02625756 -0.06309351  0.07333276  0.05247467
  0.05234233 -0.02146095 -0.00635106  0.1189881  -0.04385506 -0.1392505
  0.0010442   0.05495756  0.24292985 -0.02686698 -0.08275678 -0.05796752
 -0.01991182 -0.01749925 -0.035654   -0.01168569 -0.01085538 -0.01027131
 -0.0480841  -0.15115538 -0.02760818 -0.00498143  0.0171386  -0.09101399
 -0.05778981  0.21059783  0.07129893  0.02909792  0.00402452 -0.05141509
 -0.07646345  0.15494928 -0.05950411 -0.06882854 -0.05014285  0.04530974
  0.11510409 -0.16384484 -0.13617365  0.05819821 -0.05304401 -0.04783119
 -0.14187957  0.1160099   0.0106321  -0.05508153  0.0776142   0.02091497
  0.03373803  0.05327441 -0.08338515  0.07510577 -0.01671767  0.14388086
 -0.11881503 -0.03450535  0.08242048 -0.014491   -0.05301026  0.05776112
 -0.03595035  0.14671479 -0.07487799  0.07981306  0.00881187  0.09325015
 -0.04694531 -0.02822516 -0.00300035 -0.0473978  -0.07308966  0.06312059
  0.04944452  0.01170947]