[-0.01407035 -0.01718249 -0.15770404  0.04048765  0.04071456 -0.03115027
  0.03326757  0.01007779 -0.08276412 -0.03387658 -0.05453383  0.05995592
  0.10086548 -0.00605718 -0.15583867 -0.01686642 -0.05331284 -0.06824585
  0.03770529  0.16585149  0.13582201 -0.32336935  0.04430483  0.00913562
  0.10244159 -0.08265879 -0.02571588 -0.07332058 -0.05341229  0.13406971
 -0.05729758 -0.036686    0.03759864 -0.01609674 -0.07492142 -0.05713474
 -0.07818448  0.01308824 -0.04314352 -0.18981412 -0.02170554 -0.1373336
  0.17987387  0.05394151 -0.02334589 -0.02601473  0.11082963 -0.01669699
 -0.03683848  0.03497849 -0.0475554  -0.09965456  0.06017775  0.01164608
  0.14581163 -0.0042064  -0.04786332  0.02742903  0.00381652 -0.13041815
  0.06583416  0.01544857  0.07565019 -0.00840122  0.04087228  0.06769298
 -0.1407856  -0.01337663 -0.08107012 -0.18240635 -0.05588263  0.04140157
 -0.10080996 -0.09675517  0.05079291  0.14047785  0.15279534  0.0010272
  0.06818047  0.14404765 -0.14986099 -0.19440107  0.00741112  0.06954677
 -0.08690967  0.09648236 -0.03492442  0.08044387  0.15582402 -0.0522416
 -0.05412313 -0.08086891 -0.00137001  0.02005258 -0.09660885 -0.05150531
 -0.02338814  0.12610605  0.03158258 -0.07494214  0.04941049 -0.01040632
  0.02435     0.06187378 -0.05768294  0.09472093 -0.05654437  0.23792394
 -0.05512028 -0.07753757 -0.07653973 -0.00449739 -0.06578051 -0.01386943
 -0.01722595  0.09037979 -0.01926373  0.12401086  0.03708517  0.16748859
 -0.13254559 -0.01967606 -0.05300822 -0.0279084  -0.09972854  0.08875134
 -0.03829377 -0.00338514]