[ 0.00371996 -0.03812258 -0.16019781  0.03733992 -0.03332601 -0.04312781
 -0.037853    0.03395743 -0.02691432 -0.17116745 -0.09285107  0.07833438
  0.00606476 -0.01866817 -0.2031388  -0.07006138 -0.03464721 -0.13257116
  0.08391194  0.13664606  0.09355102 -0.21517996  0.01846759  0.00761263
  0.05975332 -0.03622083  0.09304079 -0.092048   -0.16316557  0.09881517
 -0.07977127 -0.13608104  0.11021177 -0.00568389 -0.06527466 -0.04584781
 -0.01898297  0.0237858  -0.13583907 -0.15281877 -0.04477871 -0.0809982
  0.16088453  0.08459598  0.02507287  0.07806643  0.14337659 -0.11936268
 -0.08983864  0.07306052 -0.05497565 -0.1231958   0.14061284  0.05478928
  0.17792664  0.00838177 -0.05807948  0.00216572  0.01523609 -0.16762216
  0.10936465  0.01839655  0.06680725 -0.01619812  0.04253184 -0.02795804
 -0.08164497 -0.01474251 -0.02233609 -0.13729684 -0.03898509 -0.0878423
 -0.09294967 -0.15625072  0.05415396  0.17404835  0.0886021  -0.00448039
  0.027001    0.13081573 -0.1874346  -0.11299068 -0.03795907  0.01351132
 -0.06566113  0.08354435 -0.05178298  0.02201494  0.08626908 -0.00389751
 -0.06786749 -0.11866992 -0.01449998 -0.00293645 -0.04391018  0.02912404
  0.05330289  0.06279156  0.05718362 -0.06996854 -0.01901855  0.00851529
  0.01136308  0.01372615 -0.14077614  0.0227082  -0.07618731  0.16765228
 -0.23413062 -0.08048334  0.01508271 -0.05179975 -0.04290039 -0.07390349
 -0.03964616  0.07433433 -0.0681905  -0.01262395  0.05196032  0.08630949
 -0.12050688  0.04182518 -0.01452039 -0.0473998   0.03613702  0.03840123
  0.03039046 -0.05470216]