[ 0.03016827 -0.0634939  -0.16368465 -0.03950746 -0.01433652  0.00405134
 -0.09050258  0.07256494 -0.00819649 -0.11256573  0.01957578  0.07196087
  0.11338948 -0.04710571 -0.23527832 -0.00091005 -0.0808125  -0.02825859
 -0.05214853  0.17773315  0.16612384 -0.17826736  0.09916667  0.01783667
 -0.01368562 -0.07064793  0.10478155 -0.04997543 -0.11297061  0.0862115
 -0.06089387 -0.18206151  0.08677456  0.01874722 -0.08404683 -0.04185278
 -0.08959931  0.02627369 -0.05420876 -0.07219198 -0.13109399 -0.09558786
  0.07065646  0.09674153  0.00297466 -0.15783155  0.0364757  -0.0092643
 -0.0136111   0.20524251 -0.04798261 -0.09900782  0.00628057  0.08838437
  0.04801612 -0.03773592 -0.00462412 -0.01569309 -0.04562071 -0.134801
  0.04030704 -0.00805314  0.14996701  0.02660713 -0.06556398 -0.09562709
 -0.08998607  0.03441641 -0.03858358 -0.13116539 -0.02615469 -0.05333417
 -0.06997363 -0.12396283 -0.0009442   0.07701609  0.10839666 -0.04725135
  0.020643    0.18385018 -0.09085866 -0.18551794  0.03073254  0.07321866
 -0.12315944  0.14279602 -0.03450361  0.0559903   0.18000174 -0.03113862
 -0.05564204 -0.15381035 -0.03124042  0.09668803 -0.04200245 -0.04139162
 -0.11806215  0.10069844 -0.06130031 -0.05459916  0.06824461 -0.0063656
 -0.05928399  0.03667571  0.04603678  0.05527529 -0.04299486  0.12513387
 -0.1064333  -0.08545291 -0.07734612 -0.0006727   0.00553461  0.08752473
 -0.04883519  0.1302902   0.00848807  0.14392136  0.0433052   0.12938328
 -0.13601682 -0.04751971 -0.01334716 -0.05648762 -0.04842583  0.03053198
  0.00481634  0.041884  ]