[ 5.50862812e-02  1.62589364e-02 -7.78679773e-02  4.62032743e-02
 -1.40504939e-02  1.05216801e-02  1.56915989e-02  2.62352880e-02
 -6.36848509e-02 -5.90006188e-02  5.02291545e-02  1.97032727e-02
  1.25852972e-01  1.59591995e-02 -9.79222655e-02 -3.36891115e-02
  5.89832198e-03 -3.00722197e-02  3.78361554e-03  1.92376286e-01
  1.77200735e-01 -2.06731692e-01 -3.19859087e-02  1.34793092e-02
  6.28723875e-02 -4.80391085e-02 -7.94282183e-02 -5.75275123e-02
 -4.75569628e-02  1.64707497e-01 -9.21022445e-02 -2.40913071e-02
  9.76167694e-02  6.14698268e-02 -3.59070906e-03 -3.24945077e-02
  4.11259048e-02  9.74917188e-02  4.02724696e-03 -2.36983508e-01
 -5.62604293e-02 -1.04225375e-01  1.74382329e-01 -1.58312060e-02
 -9.93223116e-03 -7.38897026e-02  1.24453403e-01 -4.55202386e-02
 -1.01396158e-01  4.82873134e-02 -6.81131631e-02 -7.34421536e-02
  6.43829107e-02  1.30389348e-01  1.91506758e-01 -7.27405306e-03
 -8.16997588e-02 -6.05807267e-02 -4.74418886e-02 -2.16029271e-01
  2.30341293e-02 -2.90283784e-02  8.07530060e-02 -7.47246146e-02
 -6.06501801e-03  1.59260198e-01 -5.78476638e-02 -2.93783355e-03
 -8.46040994e-02 -2.13191360e-01 -7.90280476e-03 -7.28625059e-02
 -8.91093910e-02 -1.20071366e-01  7.06296191e-02  8.95660147e-02
  1.14088163e-01 -6.02749735e-02  1.09861463e-01  1.40966311e-01
 -1.12752408e-01 -9.87846553e-02  6.38484070e-03 -4.72212832e-06
 -5.57832420e-03  1.01632349e-01 -5.00288308e-02  5.96583448e-02
  2.07226336e-01  6.62174299e-02  1.17872627e-02 -1.63081869e-01
 -6.93552149e-03  8.15856233e-02 -1.53137282e-01 -7.80900940e-02
 -3.11405640e-02  1.02156036e-01  4.08787839e-03 -8.55129510e-02
  7.80237094e-02  5.49036823e-02  2.74076983e-02  1.73377767e-02
 -9.32046846e-02  1.51422992e-01  6.29232591e-03  1.43827856e-01
 -4.34264690e-02 -9.32440758e-02 -5.02530038e-02 -2.90379189e-02
 -1.19601391e-01 -5.55773219e-03  3.25467288e-02  4.54041697e-02
 -4.59150374e-02  2.04950180e-02 -8.09772220e-03  7.02517331e-02
 -8.60987082e-02 -3.43882851e-02  4.19514664e-02  8.46933201e-03
  2.89682914e-02  6.96406066e-02  1.51653975e-01 -1.77255031e-02]