[ 0.03906707  0.03661355 -0.08486477 -0.06742398  0.13513356  0.00502899
  0.05340121  0.04008194  0.09322152 -0.05259592  0.03869027  0.15046595
  0.0740625  -0.1198101  -0.13996166 -0.03260555 -0.0110309   0.11907593
 -0.2716082   0.12943558  0.0348374   0.10160379  0.13141908  0.13417633
 -0.14098698 -0.13294065  0.05633521 -0.00764254  0.00796469  0.06354566
 -0.08533871 -0.05208585  0.05527532  0.08483139 -0.06210512 -0.14015998
 -0.03361838  0.10973325 -0.17907241  0.11075618  0.00840575  0.0637424
 -0.0726723   0.12115703 -0.20217051 -0.1258534  -0.03206399  0.05457027
  0.05704177  0.25053513  0.07384553 -0.05293483 -0.14200668 -0.00546564
 -0.04727208 -0.04788448  0.00514003  0.06023775 -0.0439755   0.00211453
 -0.0972356  -0.04641926  0.09558     0.02824571 -0.07325672 -0.25658792
 -0.03454337  0.00776791 -0.10677908  0.00982316  0.04602795 -0.01777381
  0.09183577  0.05678323 -0.04395588  0.04083824 -0.04407923 -0.03248958
 -0.02976345  0.00376412  0.03487967  0.0325133   0.02784581  0.065269
  0.01964078  0.01669838  0.04114385  0.00587668  0.02340602  0.01698245
 -0.0292564  -0.14489485 -0.08839954 -0.04864997  0.04661676 -0.08987165
 -0.12729988 -0.01704003 -0.07357066 -0.03581307  0.05588945 -0.00132177
  0.03723252  0.12757635 -0.03468419 -0.10007826 -0.08828484  0.04667917
  0.02324393 -0.00088425  0.12271372  0.12204304  0.03589183  0.17548248
 -0.15925002  0.03756418 -0.03954659  0.05976178 -0.01635131  0.11895674
 -0.03884814  0.08626755 -0.1151758   0.03005386 -0.04326394 -0.03953761
 -0.1215456  -0.06376   ]