[ 1.48976445e-01  1.10373445e-01 -3.59784961e-02 -1.79171991e-02
  1.46928817e-01  1.21574879e-01  6.85714334e-02  3.07656489e-02
 -5.23340218e-02 -4.95885685e-02  8.25972557e-02  4.62584682e-02
  9.35713425e-02 -7.71435648e-02  1.49404220e-02  4.00802214e-03
 -1.50692426e-02  9.64424014e-02 -1.94883853e-01  1.23681448e-01
  1.19137369e-01  1.33189932e-01  8.64353850e-02 -3.25850956e-02
 -4.41816077e-02 -1.86886311e-01 -9.95272323e-02 -1.18636228e-02
  2.29415600e-03  1.57510966e-01 -1.04068488e-01  3.90919112e-03
 -1.93105210e-02  1.28494278e-01  3.36503349e-02 -6.53273165e-02
  5.59311584e-02  1.54292746e-03 -2.27197800e-02  1.29797990e-02
 -2.93549877e-02  4.19815406e-02  7.60305524e-02  6.24116473e-02
 -2.00871304e-01 -1.01412535e-01  6.96055517e-02  3.26720625e-02
 -1.46494322e-02  2.76400387e-01  1.11804731e-01 -2.75223386e-02
 -2.15205789e-01  1.17482699e-01  2.85606384e-02 -9.99397561e-02
 -2.37557199e-02 -4.60777730e-02 -4.72813807e-02 -3.47869024e-02
 -6.18674047e-02 -5.63555881e-02  6.54393807e-02 -1.02507837e-01
 -3.34224850e-02 -1.59988567e-01 -1.77701528e-04  7.65464501e-03
 -8.27021003e-02  3.02845538e-02  9.27637666e-02  9.05383676e-02
  8.10475647e-02  2.77322978e-02 -9.51428935e-02 -5.76154189e-03
  3.07756802e-03 -6.11080863e-02 -9.28371586e-03  3.09138838e-02
  1.36501208e-01  3.44331861e-02  2.51645781e-02  7.09787235e-02
  4.68948148e-02  7.22198337e-02 -3.23168039e-02 -1.97591614e-02
  8.58452544e-02  1.32998198e-01  4.81762588e-02 -1.94518045e-01
 -1.94870710e-01 -1.60636809e-02 -7.38958716e-02 -1.34423122e-01
 -9.78766382e-02  6.03822134e-02 -1.13460518e-01  4.39627422e-03
  2.36005820e-02  8.10034499e-02  8.55768472e-02  6.80177584e-02
 -8.14999118e-02  2.27088016e-02 -6.40724599e-02  1.21762335e-01
  3.96404900e-02  4.73897234e-02  4.52094860e-02  1.80751737e-02
 -7.61918426e-02  1.57841727e-01 -7.53846616e-02 -8.36186204e-03
  7.19815716e-02  4.35417071e-02 -6.35044500e-02  6.73801154e-02
  4.69838129e-03  7.66684785e-02  8.70700777e-02  1.12710245e-01
  6.86874837e-02 -1.23378992e-01  1.16455711e-01 -1.53812636e-02]