[ 0.09739175  0.02637286 -0.10396834 -0.09998941  0.12833034  0.0934803
  0.16440956 -0.01844078 -0.04282     0.01877064  0.04423381  0.04696774
  0.16345449  0.11310995  0.03670819 -0.11210384  0.01081713 -0.02627615
 -0.07803821  0.14406593  0.05193492  0.00201457 -0.0052706   0.02757715
 -0.09032336 -0.03844134 -0.11458652 -0.05939165  0.08352033  0.14588343
 -0.09711307  0.00330067 -0.04560255  0.00494537  0.03066728  0.03599118
  0.00093523  0.19116402 -0.06558161 -0.06256023  0.00043409  0.06817118
 -0.10868172  0.00933662 -0.19122067  0.09749975  0.01178194  0.09012894
 -0.07010432 -0.00998187 -0.13004789  0.02133045 -0.03665027  0.02597333
  0.10626689 -0.01023489 -0.12482992  0.19453925 -0.14535694 -0.03340866
 -0.07895741  0.00554644  0.21375135 -0.09611854  0.06452752  0.04513557
  0.03584218  0.15408757 -0.06562893 -0.09468682  0.1296736   0.06066455
  0.01581356 -0.03020452  0.00241657  0.12295227 -0.02392517 -0.07349987
  0.12185424 -0.01582383  0.00051407  0.02157753 -0.06633357 -0.04165305
 -0.00652662 -0.05818967  0.06525282  0.05095696  0.09087446  0.06615603
  0.11359747 -0.15674247  0.02993574  0.04008458 -0.0757366  -0.19541581
  0.02085378 -0.05588154  0.08092336 -0.02180257  0.08377862  0.06345754
 -0.00184201 -0.02422292 -0.2585901   0.12934767 -0.07346261  0.02110916
  0.05439578 -0.00573134  0.16702604  0.06397048 -0.08871981  0.04337901
  0.00288217  0.10283964 -0.15204865 -0.02235511 -0.08039416  0.06423884
 -0.08006264 -0.07319888 -0.01721765  0.12086452 -0.02868423  0.11068951
 -0.05231773 -0.09714612]