[ 1.25124246e-01 -1.05878443e-01 -9.12052467e-02  4.91028354e-02
  1.16207115e-01 -1.19824614e-02  2.37215571e-02  9.83856395e-02
  1.13073185e-01 -8.75646845e-02  5.69769144e-02  1.27443537e-01
  5.06936684e-02 -1.47219166e-01 -1.47615030e-01 -2.48213112e-02
  3.36265266e-02  1.60277292e-01 -1.99899107e-01  1.64435238e-01
  1.05333231e-01  9.05022398e-02  1.00433409e-01  3.12501900e-02
 -1.27550974e-01 -1.20296776e-01 -8.78631882e-03 -8.92928839e-02
 -9.70956981e-02  6.67000338e-02 -8.75906497e-02  2.21716017e-02
  6.63488433e-02  7.82615766e-02 -9.02767293e-03 -1.06860518e-01
 -1.79541595e-02  5.69544025e-02 -1.38164163e-01 -2.44174171e-02
 -2.57407967e-02  8.02436769e-02 -1.06424198e-01  1.01851843e-01
 -1.61439031e-01 -1.65287524e-01 -7.78131858e-02  5.65572176e-03
  1.21315204e-01  2.35021055e-01  7.74631500e-02 -2.45220438e-02
 -9.67046171e-02  4.31231372e-02 -3.36751454e-02 -1.13145724e-01
  4.57053185e-02 -1.49811476e-01 -3.58835459e-02 -1.76945701e-03
 -9.25274007e-03 -1.13157719e-01  8.26393627e-03  3.22432630e-02
 -8.54165629e-02 -3.19506347e-01 -4.37501725e-03  2.00223345e-02
  1.17680021e-02  2.62822793e-03  5.31229712e-02 -4.68617231e-02
  8.21803883e-02 -2.12979615e-02 -2.08141699e-01 -3.95358028e-03
 -1.69544779e-02 -3.09241600e-02 -6.55286759e-02  5.63462004e-02
  3.80901899e-03  3.50761972e-02 -1.51332589e-02  2.91425753e-02
  1.09412551e-01  3.03454995e-02  2.69487053e-02  3.18113752e-02
  5.19423485e-02  1.08819669e-02 -2.31077652e-02 -6.56426251e-02
 -1.65340021e-01 -5.25144674e-03 -1.10245571e-02 -7.59118944e-02
 -8.81623104e-02 -5.03220633e-02 -1.36927068e-01 -3.25498097e-02
  1.05168261e-01  2.02396233e-02  5.34919277e-02  2.72369608e-02
  6.11878149e-02 -1.33948982e-01  4.59652999e-03  9.14354995e-03
  4.34210747e-02  8.90841633e-02 -3.72808729e-03  1.62023474e-02
 -2.21948158e-02  9.64372680e-02 -7.68553168e-02 -1.84846844e-03
  4.50350419e-02 -4.58819680e-02 -2.93247737e-02  3.82589623e-02
 -6.08444028e-02  1.50285661e-01 -1.13281477e-02  5.87275736e-02
  7.67419785e-02 -1.42806962e-01  6.62086010e-02  3.10781499e-04]