[ 1.53119832e-01 -4.87933271e-02 -8.86397958e-02 -1.58066326e-03
  1.26094311e-01  4.69603166e-02 -7.35008391e-03  1.05257235e-01
  2.23694555e-03 -8.44050571e-02  1.00038834e-01  1.50621429e-01
  8.41034278e-02 -9.00200009e-02 -7.33205155e-02  2.06928211e-03
  8.58375356e-02  5.65494597e-02 -1.64789677e-01  2.32587889e-01
  4.33245115e-02  1.27030388e-01  1.04980148e-01  8.36088955e-02
 -1.06660865e-01 -1.31355867e-01  6.34404048e-02  3.18642668e-02
 -5.10812514e-02  6.96250126e-02 -9.93518904e-02 -3.34953666e-02
  8.60359073e-02  1.41689956e-01 -1.03603058e-01 -4.95895818e-02
  6.28186250e-03 -6.66193082e-04 -1.31021008e-01  4.53557931e-02
 -2.71230638e-02  2.97902767e-02  9.37933382e-03  5.54965585e-02
 -1.60838902e-01 -1.75642028e-01 -1.72760393e-02  3.15006152e-02
  6.07042424e-02  3.42897266e-01  1.05689898e-01 -5.56421317e-02
 -1.71038866e-01  7.13032261e-02  6.22299267e-03 -9.52747911e-02
 -6.14038520e-02 -5.52484058e-02 -5.28327040e-02  5.00962511e-02
 -1.02442741e-01 -5.77370152e-02  4.83791269e-02 -7.14657754e-02
 -8.52789283e-02 -2.25037754e-01 -2.70212330e-02 -1.25153670e-02
 -1.21353686e-01 -2.40684096e-02  3.69620547e-02 -2.74253618e-02
  4.55858223e-02  4.38479111e-02 -7.06155077e-02  8.80290847e-03
  9.98362005e-02 -2.89924573e-02 -2.88560707e-02  6.60686046e-02
  6.48807511e-02 -5.07718846e-02  4.69832160e-02  4.45428491e-02
  6.75889030e-02  6.19484708e-02 -1.67020615e-02 -1.60177457e-04
  7.75907487e-02  9.57471356e-02 -1.33047858e-03 -1.44827574e-01
 -1.83297098e-01  1.04198247e-01  2.28979681e-02 -4.76116613e-02
 -1.00109704e-01 -3.25625278e-02 -1.48672134e-01 -5.31680584e-02
  2.89942101e-02  3.85126807e-02  2.18177587e-02  5.79399914e-02
 -3.30351032e-02  8.03282578e-03 -3.95871513e-02  9.27773956e-03
  5.51893609e-03 -1.06624409e-03  1.81541573e-02  5.95329963e-02
  4.42226715e-02  1.73480168e-01 -1.14660263e-01 -3.42805386e-02
  9.69859511e-02  4.33370247e-02 -2.72827838e-02  1.45087689e-01
 -4.81652729e-02  5.55940568e-02  2.03995202e-02  5.98539151e-02
  5.11351712e-02 -8.79272670e-02  9.07642767e-02 -3.01786102e-02]