[ 0.09044891  0.02585469 -0.24051841 -0.04321031  0.08776622  0.0242141
 -0.01857682 -0.00407959 -0.03607842 -0.01906349  0.00956072  0.16700514
  0.08396099 -0.10845131 -0.18660933  0.03130691  0.00290135 -0.02678195
 -0.10387914  0.23615533 -0.04074332  0.0501826   0.10151479  0.08793088
 -0.13008723  0.02600357  0.13217674 -0.0149924  -0.01962791  0.10816941
 -0.15201433  0.02271314  0.02469489  0.07250938 -0.13765767 -0.06443163
 -0.01293172  0.06963576 -0.10237212  0.068918   -0.05563575 -0.04141284
  0.03345902  0.1195126  -0.13383327 -0.07005552  0.09568306  0.07222564
  0.02031403  0.30205461  0.12626746 -0.01214753 -0.12201624  0.05677659
  0.09355588 -0.10147334 -0.00899442  0.0358966   0.02282792 -0.036909
 -0.06998257 -0.04638568  0.16944928 -0.0096561  -0.10360254 -0.22708189
 -0.03229084  0.00498245 -0.05183592 -0.05361947 -0.04253846  0.01090087
  0.0293577   0.12652962  0.00881438  0.01678535  0.06639203  0.02438666
 -0.02041333  0.06620172  0.11245511 -0.00844851  0.02284371  0.02897142
  0.01307     0.00647706 -0.02333756  0.0374803   0.14332648  0.03794063
 -0.05251129 -0.09504542 -0.13347685  0.0465602   0.03087702 -0.03530186
 -0.0094769   0.02029092 -0.01803651 -0.12562326  0.01549763  0.03842173
  0.02337226  0.13449067 -0.13938381 -0.02935205 -0.14120421  0.08948804
 -0.04115528  0.02208949  0.11740246  0.16166738  0.04044358  0.14141986
 -0.16293263 -0.00758262  0.02957192  0.0146229  -0.0125906   0.10353957
 -0.0343327   0.05718825  0.08952051 -0.02265612 -0.09928026 -0.03741202
 -0.04838093 -0.05677028]