[ 0.14441419  0.00082232 -0.07814739  0.01045733  0.04371926 -0.01015478
  0.03526296  0.05462876  0.10261354 -0.13239808  0.09118719  0.07678667
  0.05159268 -0.17369381 -0.18271014 -0.0093039  -0.01202389  0.12033123
 -0.2440273   0.16267288  0.10230816  0.125397    0.07569221  0.07196367
 -0.14393415 -0.08937477  0.02426847 -0.04365982  0.01147551  0.08906207
 -0.10452797  0.00054409  0.04812907  0.1003898  -0.00482089 -0.16165489
  0.00393942  0.12889645 -0.08506548  0.00594352 -0.06997973  0.02742665
 -0.06860892  0.12465334 -0.10888564 -0.17065303 -0.03727442  0.02594774
  0.03649515  0.26318616  0.03269438  0.01630228 -0.07955761  0.07783926
 -0.04670031 -0.11913216  0.0419017  -0.08037269 -0.04571711 -0.06774519
 -0.050077   -0.09150284  0.1072627   0.04974599 -0.16308197 -0.22992982
  0.02601923 -0.06709293 -0.03702796 -0.05231284 -0.01030778 -0.11623692
  0.07459202  0.08786675 -0.112918   -0.10180981 -0.00227167 -0.07706165
 -0.04585575  0.09518679  0.09187125  0.0263982  -0.02695674 -0.02656974
  0.12140532  0.04647959 -0.04174387 -0.02191281  0.07432268  0.04985972
  0.06009764 -0.12099717 -0.16523483 -0.00388156  0.02793616 -0.07042469
 -0.10244599  0.00629183 -0.08116965 -0.05364292  0.08293843  0.03130258
  0.05378627  0.10458817  0.00448935 -0.09657093  0.03588951  0.07350138
  0.08122551  0.01990904  0.0813873   0.08372396 -0.03742892  0.13596545
 -0.08754082  0.00942987  0.04088486 -0.00604102  0.02325477  0.01630429
 -0.04998244  0.11982363  0.01824898  0.04773763  0.02512817 -0.13726147
  0.06497891 -0.04233768]