[ 0.06300572 -0.02257745 -0.06784245 -0.08900702  0.12532794 -0.00318218
 -0.03432578  0.00270181 -0.03437343 -0.12025268  0.01180738  0.1298717
  0.09426221 -0.02293213 -0.12015464  0.03125458 -0.03718783  0.07293201
 -0.20445429  0.15899166  0.0416078   0.16052714  0.13515596  0.097303
 -0.10255558 -0.02147634  0.11417323  0.04443059  0.00551865  0.08269414
 -0.10929502 -0.01080916  0.02728722  0.08939808 -0.07787577 -0.10050856
 -0.04538802  0.06805427 -0.09568604  0.09959627 -0.00787682  0.05288892
  0.04559956  0.15273526 -0.17355214 -0.13376692  0.04344948  0.04835447
  0.05581585  0.27778932  0.10176002 -0.09862457 -0.12018192  0.07557008
  0.00931305 -0.09704982  0.01937988  0.07454668  0.02551989 -0.04916314
 -0.07270976 -0.01808598  0.08372631  0.10863756 -0.13996039 -0.18223253
 -0.03211868 -0.00559661 -0.04147265 -0.02350064  0.00553754 -0.01983763
  0.11624576  0.07043457 -0.00286586 -0.03089471 -0.02254491 -0.09493741
 -0.02889821  0.06388687  0.19387878  0.03459365  0.06395899  0.02691273
  0.00859151  0.00227488  0.01163082  0.02962532  0.03623466  0.0483929
  0.001217   -0.09251358 -0.15016294 -0.01057693 -0.00077857 -0.02447903
 -0.13410291  0.09814796 -0.05502374 -0.08874355  0.00534555  0.02004046
  0.08668127  0.15503447 -0.07420903 -0.06630156 -0.14405562  0.08297878
  0.03029934 -0.04435702  0.1379977   0.13658383 -0.02315985  0.20323226
 -0.18888357  0.01339419  0.02962228  0.05794885 -0.0497554   0.07917009
  0.00161862  0.07274304 -0.00263569 -0.053961   -0.11139342 -0.07187007
 -0.0647214  -0.01343136]