[ 0.11032351 -0.01813422 -0.11869774  0.02942197  0.09191319  0.02453926
  0.06972644  0.03117089  0.03028893 -0.07329547  0.10750005  0.18485084
  0.01527351 -0.13987797 -0.17989519 -0.07419861 -0.01218121  0.09157433
 -0.12812448  0.19732432  0.02469044  0.06940157  0.01221075  0.19773854
 -0.07653782 -0.0201569   0.1041128   0.0013818   0.038312    0.07736334
 -0.14450124 -0.05511446  0.01394526  0.10003965 -0.08958474 -0.11251116
 -0.02963762  0.02445156 -0.12838435  0.02124727  0.07188629  0.00667415
  0.00826513  0.17132606 -0.20448463 -0.20894703  0.04536987  0.02159321
  0.05871722  0.22896142  0.06729908 -0.02513147 -0.14269885  0.05780392
  0.10088855 -0.04398093 -0.06917838  0.07010293 -0.02776033 -0.03837179
 -0.08969312 -0.07981706  0.19725405  0.0284871  -0.12013318 -0.14788026
  0.01644455 -0.13442388 -0.04577585 -0.00477614 -0.03604443 -0.0053163
  0.10421272  0.16007185  0.00327769 -0.07782028  0.03952846  0.04144913
 -0.02581241 -0.00391468  0.05317792  0.08757483  0.06781088 -0.03228778
  0.09223595  0.01607097  0.03659995  0.05172652  0.10109985  0.0436151
  0.06854075 -0.12580182 -0.13797943 -0.03600945  0.03618471 -0.13111615
 -0.07111506 -0.03186579  0.00417996 -0.10060814 -0.00231516  0.04368331
  0.12502562  0.07241627 -0.09723132  0.00683031 -0.01432803  0.0675067
 -0.01973497 -0.01190945  0.15979634  0.13908619  0.03078803  0.12709185
 -0.106457   -0.04795584  0.08082917 -0.03190557  0.02450456  0.04110351
 -0.01256812  0.05728827 -0.00672781  0.0072647  -0.08723284 -0.00420609
  0.014194   -0.02158838]