[ 0.07419626 -0.01396055 -0.17533495 -0.05221092  0.0997131  -0.04918202
 -0.0352633   0.04911185  0.07779169 -0.03746082 -0.00167887  0.15730944
  0.0671967  -0.07237262 -0.16870703  0.01138196  0.09242767  0.00836072
 -0.1406859   0.2338836  -0.0132386   0.08565536  0.08922668  0.13513307
 -0.12762676  0.00036602  0.17169625  0.02767007 -0.02238889  0.07864281
 -0.10970742 -0.02650027  0.11809037  0.08392814 -0.09746906 -0.08463093
  0.04188478  0.15052098 -0.16589485  0.00236613 -0.05442796  0.02373439
  0.0275744   0.11277571 -0.10840968 -0.08561355  0.02015747  0.06442643
  0.07357124  0.27258423  0.09288602 -0.03552836 -0.08226257  0.03269189
  0.1070414  -0.08226556 -0.05141359 -0.00492751 -0.00606518 -0.09774464
 -0.07234339 -0.11267104  0.09746221  0.0163337  -0.10714745 -0.22362733
 -0.05010557  0.03691531 -0.05473189 -0.06000359 -0.00848413 -0.07584915
  0.0174361   0.03189376 -0.01844717  0.03309341  0.065914    0.04950798
  0.0082779   0.0273184   0.05789784  0.04245453  0.02306886  0.0162588
  0.10111985 -0.07094526 -0.02349101  0.09919607  0.16618674  0.06811689
 -0.07125257 -0.10170018 -0.12259118  0.05512822  0.06863578 -0.02294208
 -0.03022165 -0.01857371 -0.05367814 -0.14595762  0.05065735  0.01705263
  0.01508108  0.09016973 -0.14281034 -0.07098819 -0.12121224 -0.03550963
  0.00879155 -0.00895669  0.11725669  0.15552151  0.02067311  0.18438767
 -0.12267927 -0.02593638 -0.01354528 -0.04645514 -0.04642623  0.08773967
 -0.03957266  0.13350269  0.04125888  0.00046143 -0.04092123 -0.06380372
 -0.00229379 -0.09774199]