[ 0.12231667  0.0217417  -0.02164055 -0.02813652  0.06165897  0.00496586
  0.03575877  0.11503998  0.07876386 -0.12720977  0.06778111  0.06826088
  0.03432808 -0.095952   -0.1380721  -0.02752499  0.07421038  0.12709998
 -0.23752533  0.16465397  0.05632197  0.12448616  0.08224819  0.1384152
 -0.1684071  -0.16356651  0.02687958  0.05849265  0.01507548  0.01681326
 -0.0941664  -0.10412703  0.05982935  0.10877771 -0.04703046 -0.11469514
  0.01998449  0.09642008 -0.16307525  0.06439668 -0.06888369  0.1114815
 -0.02600487  0.04985299 -0.09662133 -0.17993802 -0.03755173  0.01040145
  0.01748251  0.32242298  0.01342784 -0.05204735 -0.13354333  0.08075006
 -0.05254752 -0.06470128 -0.00347071 -0.00109481 -0.0239079  -0.04097547
 -0.07085869  0.01486352  0.07586109 -0.04864175 -0.13825034 -0.1789462
  0.0148713  -0.0956596  -0.13541465 -0.01208362  0.0371992  -0.09658305
  0.09458254  0.13005547 -0.06895425 -0.05452523  0.04706519 -0.04026064
  0.00640733 -0.05274234  0.04960318  0.03773894 -0.01751972 -0.0218693
  0.11139058  0.06398214 -0.07327931 -0.02376934  0.08328306  0.08518814
  0.06725431 -0.15395708 -0.10929769 -0.03041613  0.15154192 -0.03930366
 -0.09689119  0.01819981 -0.14998919  0.01365291  0.01659096  0.02279342
  0.03263093  0.07831231 -0.03691442 -0.01580561  0.01148589 -0.04998455
  0.03058754 -0.01910765  0.08203316  0.07490975  0.0736039   0.17511252
 -0.11092193 -0.00821016  0.08705698  0.0180479  -0.0007163   0.0353304
 -0.07440622  0.08057754 -0.01415718  0.04826992 -0.00041224 -0.10165419
  0.01496591 -0.08448941]