[-0.0514335   0.11755279  0.21199378 -0.18334755  0.00924214  0.11154477
 -0.09804165  0.12088466 -0.01912656 -0.07616477 -0.01851059 -0.16720642
 -0.03979651  0.0191363   0.19749883 -0.04040505 -0.00383514  0.01301008
 -0.03797117 -0.12195139  0.0720467   0.1516216   0.12901187 -0.02402392
  0.02181812 -0.10469513  0.04956083  0.02436234  0.10069666 -0.14827673
  0.16248564 -0.27247649  0.07892523  0.03502044  0.14197838  0.06167135
  0.03230787  0.07942851 -0.05356802  0.02678677 -0.04696737  0.06619915
 -0.06140439  0.05111441 -0.03695867  0.09507243 -0.00513509  0.00839596
 -0.1939764   0.04006924 -0.14567757  0.01934389 -0.00327395 -0.02789919
 -0.13102153  0.04207207  0.0170889   0.05745194 -0.08753663 -0.08870146
 -0.10239355  0.05991498  0.01605341 -0.04538638  0.09998813 -0.00343982
 -0.01912667  0.0695473  -0.08664816  0.19888982  0.08235247 -0.04771328
 -0.0542293  -0.13248774  0.03627441 -0.03545093 -0.12471527 -0.00050496
  0.0772083  -0.03864128 -0.07499421  0.01481107 -0.00471312  0.02899451
 -0.01051838 -0.07501352 -0.03621048  0.01435913 -0.0405932   0.13932106
  0.13548256 -0.05552768 -0.02908396  0.00235449  0.10849778  0.00416429
 -0.0494726   0.13386749 -0.14057936  0.05133138 -0.04328586  0.02946208
 -0.09565596 -0.09637634 -0.02375861  0.04945387  0.01185652 -0.13783477
  0.14486197 -0.14008243  0.0593995   0.02421237 -0.01892188  0.07202111
  0.11351068  0.04707859 -0.06598937 -0.06909034  0.04234662  0.10110732
  0.06290406 -0.04383899 -0.06423572  0.05441669  0.08524745 -0.03389393
  0.13864037 -0.01983652]