[ 7.57927150e-02 -8.85087550e-02  9.02647600e-02 -8.38478580e-02
  7.35380501e-02  7.37559563e-03  6.76825047e-02  1.52503192e-01
 -1.19526744e-01  3.43494229e-02 -7.03918329e-03 -8.04451853e-02
  8.59978497e-02  1.29636914e-01  2.96496391e-01 -1.01223134e-01
  1.27638817e-01 -1.36320233e-01  1.09609067e-01  1.05157822e-01
 -3.33777815e-02  1.95213445e-02  1.02733433e-01  1.48180621e-02
  5.96043174e-06 -2.17362773e-03 -7.99402446e-02 -4.67991903e-02
  7.51152113e-02 -1.15806393e-01  5.63864261e-02 -1.13827005e-01
  2.43981406e-02  3.01371664e-02  3.83686721e-02  5.35046645e-02
  7.20794126e-02  2.07358941e-01 -1.39051154e-02 -6.43918514e-02
  9.71664023e-03  1.00807801e-01 -1.56993732e-01 -9.15894657e-02
 -1.46285921e-01  8.43755007e-02 -6.61754310e-02  4.98334058e-02
  1.75754055e-02  6.25185482e-03 -1.70149893e-01 -2.03378103e-03
  3.31189521e-02 -2.30092648e-03  2.81367227e-02 -5.92146367e-02
 -1.21341050e-02  8.47572684e-02 -6.96867928e-02 -1.64381433e-02
 -7.18720481e-02  1.35821495e-02 -1.56568065e-02 -9.64613557e-02
  5.58124334e-02  1.24516860e-01  6.21967055e-02  1.44805416e-01
  1.38160260e-02 -9.65033695e-02  5.22860773e-02  8.00785869e-02
 -4.52841707e-02  3.57013382e-03  4.26682755e-02 -8.45481642e-03
 -2.00802498e-02 -1.22185647e-02  2.15270951e-01  7.26440847e-02
 -8.73735920e-02 -7.54562691e-02 -6.84490986e-03 -5.49082458e-02
  1.35472223e-01 -1.67239040e-01  4.15781625e-02  1.14797354e-01
  7.57486969e-02 -2.43701898e-02  1.45224988e-01  6.40245751e-02
  1.01860546e-01  5.84274381e-02 -4.19194102e-02 -1.61976218e-01
  7.81184733e-02 -1.18731009e-02 -5.46525829e-02 -6.26301840e-02
 -1.93436984e-02  2.25141998e-02 -1.36067700e-02 -1.11738846e-01
 -1.62439004e-01  8.97447765e-02  3.44261490e-02 -1.25883698e-01
  2.16519460e-01 -3.08158565e-02  8.21151584e-02  8.70940685e-02
 -2.38901041e-02  1.98835414e-03  7.15697482e-02  5.12654558e-02
 -6.10059388e-02 -9.14249495e-02 -1.28469631e-01  5.40499240e-02
 -7.15324432e-02 -1.38706639e-02 -5.23386970e-02  1.36142507e-01
 -2.26271674e-02  1.01057440e-02  5.92614710e-02 -2.16607656e-02]