[-0.02196981  0.16732529  0.20988528 -0.00868867 -0.13917841  0.12629242
 -0.07572624  0.12867858 -0.10646828 -0.0305715   0.02190312 -0.06270789
 -0.05261555 -0.10079253  0.07191342 -0.10908791 -0.1761398  -0.06395455
 -0.00476366 -0.00286617  0.01251862 -0.00036091  0.09846845 -0.00974777
  0.01390837 -0.06407195  0.02897236 -0.0027097  -0.03313517 -0.11580965
 -0.02430617 -0.25013477  0.04704491  0.10454865  0.0168301  -0.01699463
  0.04362794  0.09069096 -0.06351723  0.04842697 -0.02939109 -0.10723849
 -0.0063972  -0.03398522 -0.08213265 -0.0357132   0.12014776 -0.09325792
 -0.19941467  0.21951002  0.04501503  0.08003639 -0.07937175  0.15144071
  0.08581024 -0.00672411  0.06102558 -0.08411743 -0.01972632 -0.16251284
 -0.04937834  0.00599541  0.01889744 -0.08628364  0.06334279  0.04266833
  0.0475873  -0.06117038 -0.09394012  0.18352653 -0.00720354  0.01249582
 -0.00684319  0.12872218  0.15059251 -0.06305513 -0.03865542 -0.00563987
  0.1090788   0.06642476 -0.11539834 -0.09146902  0.08289292  0.0165879
 -0.00233106  0.00255682 -0.03552293  0.03539215  0.11733066  0.12456014
  0.04137701 -0.12789871  0.04617239 -0.01417068 -0.07721413 -0.10820223
  0.03201586  0.12002341 -0.01363072 -0.0094086  -0.06368101  0.12248913
 -0.02855974 -0.02785571  0.04002746  0.08567522  0.03173023  0.04159058
  0.00994665 -0.12265385  0.01141196  0.09150361  0.00954563 -0.00314482
  0.06853428 -0.01207169  0.08230522 -0.0382944   0.10196678  0.06372624
  0.06233279 -0.04240583  0.03790057 -0.00640501  0.15111452  0.01039026
  0.29837006  0.08079557]