[ 6.63867891e-02  1.41711682e-01  5.74818552e-02 -9.60613042e-02
  1.24541158e-02  1.28008768e-01 -9.29815620e-02  1.48093641e-01
 -1.30066887e-01  2.81269588e-02  2.00385544e-02 -9.27095115e-02
  4.94827032e-02 -6.67739064e-02  8.47409517e-02  9.75223705e-02
 -8.88673961e-03 -6.07575327e-02 -4.18096334e-02  8.71763825e-02
  1.19212456e-01 -9.67771653e-03  1.58891216e-01 -8.79551843e-02
  5.34520205e-03 -7.23830611e-02 -1.76845435e-02 -3.32440138e-02
  4.68244590e-02 -4.78151888e-02 -4.75808652e-03 -9.43391770e-02
  5.60375676e-02  1.00742988e-01  4.92368545e-03  9.96250380e-03
  5.99087328e-02  1.27749696e-01  6.28397986e-02 -3.88084725e-02
 -1.50707930e-01 -7.29213879e-02  4.27494571e-02 -9.12109688e-02
 -7.43792858e-03  2.93710437e-02  9.72301364e-02  5.94149297e-03
 -2.20121562e-01  2.15060979e-01  2.76481220e-03  7.57927895e-02
 -1.06677659e-01  1.00119792e-01  2.19789576e-02 -7.79032335e-02
  1.00949526e-01 -1.04372106e-01 -7.07636327e-02 -1.33578017e-01
 -3.70293148e-02 -7.95269385e-03  4.12647352e-02 -1.47015974e-01
  4.24168557e-02  6.32357690e-03 -9.55283344e-02  1.40684992e-01
 -8.81516635e-02  7.94226751e-02  1.45135485e-02  4.64509018e-02
 -1.31407678e-01 -1.27678495e-02  4.88382354e-02 -2.37584487e-02
  5.59205189e-02  3.22945341e-02  1.00660495e-01  8.26962367e-02
 -5.12903556e-02 -8.63236934e-02  2.90119052e-02  5.71335405e-02
 -8.38068314e-03  2.99563371e-02 -9.41155255e-02  7.46142790e-02
  1.91289678e-01  1.24146424e-01  5.20628355e-02 -9.76602510e-02
 -1.06998816e-01  1.49436161e-01  4.89793019e-03 -2.32885592e-02
  6.16760878e-03  1.74831226e-01 -1.45449966e-01 -3.41467559e-02
  2.00999137e-02  2.46261824e-02 -1.27630979e-01  2.69973706e-02
 -2.21287366e-03  1.10903010e-01 -2.37649959e-02  1.40754841e-02
  1.31274834e-01 -1.29559606e-01 -7.14706406e-02  9.71995518e-02
 -1.25887487e-02  8.27151686e-02  1.41942263e-01  1.94143150e-02
 -1.78515504e-04 -1.04348948e-02  1.97340623e-02  1.51661634e-01
  6.74359780e-03  1.99640002e-02  1.42355099e-01  6.36673942e-02
  8.45912620e-02 -3.54360528e-02  2.58563787e-01 -6.88582473e-03]