[ 0.10087521  0.03612635  0.1094095  -0.07659273  0.03299649  0.1363602
  0.09121699  0.19997852 -0.20001481 -0.01902846 -0.04587668  0.02722413
  0.09687366  0.06268815  0.14539729 -0.07011297  0.06686784 -0.0070034
 -0.03649296  0.08247361  0.03454481  0.08687155  0.03844694  0.14029264
 -0.05889105 -0.15975749 -0.0326314   0.02793146 -0.00342419  0.04684056
 -0.12321555 -0.0760327   0.00964136  0.15503684 -0.05710569 -0.04381924
  0.05800922  0.00985233 -0.12708487  0.02199765  0.00933349 -0.00497095
  0.09738599 -0.07766676 -0.12754762 -0.01085342  0.08172286 -0.05066266
 -0.17939721  0.20908736  0.08380953 -0.13612457 -0.06195888  0.11532329
  0.10747514  0.04051826 -0.04307887  0.11112975  0.00492295 -0.05163459
 -0.05373417  0.11272992 -0.02775718 -0.20584771  0.03333612  0.07211096
 -0.02355774 -0.0512451  -0.24584727 -0.02618544  0.00556762  0.00426459
 -0.03674473  0.03758424  0.05922276  0.10711452  0.10713433 -0.06673171
  0.1603989  -0.0439818  -0.01396955 -0.10330138  0.03004589 -0.02507682
  0.02603034  0.00944904 -0.01042818 -0.0407073   0.06221996  0.19818173
  0.05902348 -0.17190191 -0.04068292  0.05752235 -0.03394372  0.06002041
  0.00877463  0.06533004 -0.03507624  0.04521212  0.0078388   0.0951868
 -0.00511783  0.06791676 -0.19082426  0.09185261 -0.13218056 -0.04931561
 -0.10029197 -0.14306493  0.07641504  0.06530611  0.02818193 -0.00366055
 -0.01163121  0.02152446  0.08387193  0.00892864 -0.03522905  0.14594372
  0.01313128 -0.10848361  0.02317696  0.02320877  0.03543044  0.0472572
  0.07170971 -0.11466315]