[ 0.04682066  0.1384408   0.15665895 -0.01108929 -0.05160706  0.21517989
 -0.0569988   0.04356068 -0.13798042 -0.06322506  0.00663531 -0.05390479
  0.0112362  -0.0881326   0.10182241 -0.05628538 -0.13567483 -0.11177962
 -0.03266478  0.0371212   0.03412192 -0.00184521  0.09783355  0.01887972
  0.05502947 -0.12942755 -0.06105438  0.01737584 -0.01321982 -0.06035868
  0.08386151 -0.19319449 -0.06226972  0.09519446  0.02092009  0.04532191
 -0.03580467  0.00212728  0.02127708  0.02844479 -0.04894027 -0.10727113
 -0.00494317 -0.08052073 -0.03399359 -0.05224666  0.0634354   0.02766199
 -0.15684445  0.24593727  0.02104098  0.0710576  -0.03797755  0.05794144
  0.03496272 -0.04759885 -0.02055471  0.03269542 -0.05506864 -0.10066998
 -0.09300683  0.11549723  0.07443549 -0.15990366  0.0346008   0.06265619
  0.02726772 -0.00967563 -0.21292625  0.10711119  0.02467235  0.09642287
 -0.05838329  0.1047885   0.09112927 -0.03370452  0.03987621 -0.10175196
  0.13738592  0.21397179 -0.01481461 -0.17542581  0.0934528   0.02474781
 -0.0396352  -0.02355395 -0.05856447  0.0097025   0.08302952  0.12303919
  0.07268412 -0.10862346  0.05256869  0.12551162 -0.0894035  -0.07979759
  0.01560783  0.09150327 -0.08358047 -0.01579184 -0.00851978  0.11015785
 -0.1289427  -0.01539564 -0.00745178  0.16422975  0.02084064  0.03714177
  0.06072651 -0.05142346  0.02828228  0.08755788 -0.0013416   0.08006963
  0.05063184  0.05559248  0.03649426  0.14734825  0.04396017  0.17811362
  0.0146334  -0.11306704  0.03516039 -0.01607692  0.07257584  0.04969424
  0.22495691  0.03288508]