[ 8.62507895e-02  1.57259479e-01  1.08694606e-01 -5.32583036e-02
 -8.37362036e-02  1.18593171e-01 -7.04519376e-02  1.37372658e-01
 -1.07319884e-01 -9.88952443e-02  3.49612348e-02 -6.79133236e-02
  6.66629616e-03 -2.48590838e-02  6.93314075e-02 -7.10312203e-02
 -6.26389161e-02 -1.12688988e-01 -3.02226916e-02  4.06426862e-02
  7.30495453e-02  4.72381301e-02  7.72538856e-02 -4.50464338e-02
  2.90196706e-02 -8.33239406e-02  5.53426407e-02  2.30162833e-02
 -4.02238220e-02 -1.05031133e-02 -4.72823158e-02 -1.92192480e-01
  8.49372149e-02  1.33960500e-01 -9.61754192e-03 -1.29151931e-02
  7.32299834e-02  8.94919857e-02 -3.44384424e-02  5.40419540e-04
 -8.53889659e-02 -8.62452313e-02  5.98663837e-02 -6.30829157e-03
 -5.18788025e-02  4.27066647e-02  1.02548987e-01 -8.89726654e-02
 -2.07790390e-01  2.23043382e-01  4.22796234e-02  1.00402959e-01
 -7.50770792e-02  1.60331324e-01  9.11610350e-02 -3.93067338e-02
  2.29230267e-03 -7.79653415e-02 -2.79541947e-02 -1.68749303e-01
 -4.11856361e-02 -3.50090861e-02  2.23823357e-02 -1.01191349e-01
  1.41584885e-03 -6.51949449e-05  9.07993596e-03  3.01481802e-02
 -8.76071528e-02  1.14241205e-01  3.36338021e-02 -4.63090129e-02
 -6.35060593e-02 -1.23419100e-02  1.18382566e-01 -3.76524078e-03
  1.04908301e-02 -4.37334850e-02  7.79620633e-02  1.32583678e-01
 -7.06652328e-02 -9.56113413e-02  7.48999789e-02  2.03994829e-02
  1.23317214e-02  1.93055309e-02 -6.13598712e-02 -1.21309245e-02
  1.26064926e-01  1.75949931e-01  3.01463287e-02 -1.93904340e-01
 -6.60786107e-02  5.46860099e-02 -8.19698498e-02 -6.35579750e-02
  4.03652601e-02  1.01210728e-01 -3.28750499e-02 -4.82984744e-02
 -4.91604283e-02  1.51498169e-01 -1.89692248e-02  2.66731791e-02
 -9.08430144e-02  8.17630216e-02 -3.95391099e-02  8.11808482e-02
 -4.53623012e-03 -1.67090014e-01  4.24336083e-02  4.15246338e-02
 -8.51525366e-02  4.56196889e-02  6.88211769e-02  6.78142253e-03
  4.43518683e-02 -6.11624047e-02  7.97230452e-02  1.10311314e-01
  5.28184995e-02  1.44296431e-03  8.72474909e-02  4.49294485e-02
  2.00339764e-01 -5.76185249e-02  3.45008761e-01  2.85814330e-02]