[-0.00981917  0.058851    0.16513301 -0.12358722 -0.05768056  0.08482169
  0.01670614  0.19388348 -0.15836282  0.0709132  -0.00316693  0.04640087
  0.10365443  0.00998129  0.08318207 -0.07081304 -0.08843011 -0.05923806
 -0.11132265  0.06418794 -0.03825211  0.04679186  0.10375027  0.0522039
 -0.10698614 -0.02265058  0.03463688  0.08270463  0.00164136 -0.07523621
 -0.10763258 -0.13220592  0.03215121  0.14310737 -0.12759069 -0.06714863
 -0.02384718  0.15533891 -0.12689158  0.14556408 -0.02342457 -0.05858847
 -0.01025616 -0.03740892 -0.12962666 -0.11361042  0.02439545 -0.03149011
 -0.11030281  0.25687063  0.13967896 -0.0175238  -0.19267638  0.1218437
  0.07351071 -0.00692781  0.00681868  0.05434244  0.01348191 -0.05021068
 -0.09230358  0.00456498 -0.0145221  -0.03803103  0.0138574   0.00505384
 -0.01338594  0.02226374 -0.1650296   0.08370434  0.01811419  0.03032004
  0.02940273  0.18680581  0.11894261  0.00854532  0.02667549 -0.06974054
  0.13717853  0.00815071 -0.02202212 -0.1751212   0.14471006  0.03376138
 -0.0381273  -0.079184    0.07523985  0.04446592  0.16513698  0.10338073
 -0.04367635 -0.15214343  0.0440862   0.0451965  -0.06105336 -0.04033652
 -0.00200172  0.05813582 -0.03800598  0.00528182 -0.0359517   0.13151348
 -0.03778285  0.09138963 -0.02492273  0.03252412 -0.13044754  0.00282866
  0.04080698 -0.19405232  0.03539234  0.17120248  0.01158687  0.09301181
 -0.00788322  0.00829535  0.11090107  0.05463318  0.01807491  0.13823782
  0.03598781 -0.07472375 -0.00312869 -0.02028492  0.04768416  0.01553356
  0.10351875  0.02518608]