[-0.06525443  0.11841529  0.21097051 -0.10427153 -0.07798804  0.03635498
 -0.07080851  0.2038448  -0.06701221  0.00296024 -0.04335901 -0.08386264
  0.05400255 -0.0620383   0.10350425 -0.02755698 -0.14259432 -0.08609751
 -0.07264001  0.0657484   0.06745446  0.00070105  0.07083557 -0.03416542
 -0.02902746 -0.04509793 -0.02193904  0.0503986   0.03128399 -0.07494637
 -0.0225301  -0.17667522  0.10844147  0.11863986  0.02230224 -0.0413697
  0.10586482  0.13252857 -0.05866794 -0.04749936 -0.02782151 -0.1244557
  0.12297641 -0.03775652 -0.02337554 -0.08078882  0.09405975 -0.01131781
 -0.12622839  0.21637914 -0.01716593 -0.03395799 -0.07075495  0.15550278
  0.12816843 -0.02521654  0.01424405 -0.15015975 -0.03173549 -0.22292715
 -0.04608458 -0.02653454 -0.07032911  0.00676069 -0.01823228  0.09665193
 -0.0270529  -0.03971153 -0.0829745  -0.02404743 -0.04025391 -0.04787662
 -0.02917889  0.05896745  0.15190332 -0.03063504  0.01287342 -0.01140121
  0.18954723  0.07403885 -0.00703475 -0.10580698  0.09208091  0.09739061
  0.06401834 -0.00931445 -0.03910666  0.14291464  0.22629799  0.16550265
  0.0315701  -0.09650506 -0.01245078  0.02886009 -0.1204253  -0.04661154
 -0.03762368  0.18550342 -0.08246545 -0.04728678  0.00133035  0.05496602
 -0.01416582 -0.02994957  0.00837467  0.07488044 -0.02850986  0.0283519
  0.09466605 -0.1231732  -0.03344629  0.07326387 -0.08636894  0.04313127
  0.0410185  -0.00198854  0.10731903  0.00170707 -0.00428586  0.07162283
  0.0614594   0.00927746  0.07239249  0.00507359  0.0346171  -0.03303118
  0.24713799  0.05408989]