[-0.03602407  0.12126431  0.16347031 -0.0968193   0.00658074  0.09693284
 -0.05530079  0.22389354 -0.04050416  0.00821817 -0.04669471 -0.02706788
  0.0196545  -0.07203932  0.14372481 -0.07776899 -0.07558024 -0.06553624
 -0.05770621  0.05590835  0.03178842  0.06731629  0.11158644  0.00445015
 -0.00677527 -0.11660487  0.02444658  0.03713867  0.01081846 -0.07093559
  0.01172688 -0.19351022  0.11004972  0.13954717  0.00196641 -0.01544715
  0.10969631  0.06165993 -0.14316097 -0.0020476   0.02603703 -0.07195941
  0.07627661  0.02481757 -0.13580114 -0.06316888  0.08637936 -0.0069425
 -0.07034085  0.27243611  0.04787624 -0.00284523 -0.13373755  0.095939
  0.13455577 -0.00760821 -0.01499395 -0.11032724 -0.02078518 -0.1670121
 -0.09091125 -0.05729765 -0.06814445 -0.06497543  0.02987071 -0.0469326
 -0.01400239 -0.0226374  -0.09713991  0.12364702 -0.00232146  0.03662203
 -0.02743831  0.05607438  0.0885471  -0.00444766  0.00679515  0.0640749
  0.13490684  0.02291738 -0.04940904 -0.05338991  0.11596154  0.12048174
  0.10835977 -0.06589252 -0.00700054  0.13522449  0.18930084  0.16837177
  0.01839685 -0.10689965 -0.06287089 -0.01078074 -0.05869189 -0.07954276
 -0.01244862  0.13665058 -0.11356755 -0.04386382 -0.02543606  0.08473463
  0.01520773 -0.04807088 -0.06162227  0.04358843 -0.07846887 -0.02687306
  0.07555765 -0.07729127  0.0082559   0.08294248 -0.05971052  0.060112
  0.02991199 -0.03797799  0.15069938 -0.07671772  0.00958366  0.15271875
  0.10045538  0.056917    0.04202949  0.05167529  0.05519244 -0.07245088
  0.26150957  0.06416465]