[-1.56286284e-02  1.24764360e-01  8.92437845e-02 -5.86915528e-03
  4.71848575e-03  2.94929594e-02  1.39619857e-01  5.84134273e-03
  4.21898346e-03 -1.48347579e-02  7.96110705e-02 -7.20973313e-02
  4.26672446e-03  1.04687557e-01  1.80180922e-01 -1.06988169e-01
 -1.18242586e-02 -1.05826229e-01 -3.39750908e-02 -4.41851690e-02
 -6.32843599e-02 -4.07720767e-02 -2.49726474e-02  2.30786018e-02
  1.05522119e-01 -5.41553274e-02 -4.46294956e-02  6.41755685e-02
  1.47009134e-01 -3.96813452e-02  1.19680256e-01 -2.45932061e-02
  7.47455005e-03 -2.79225199e-03 -2.33266391e-02  4.84652333e-02
 -2.10331362e-02  1.21711433e-01 -5.95302135e-02 -1.58153456e-02
  1.21825621e-01 -4.10973793e-03 -3.31061520e-02  5.80020994e-02
 -1.17942557e-01  5.29065691e-02 -2.69897152e-02 -1.90848075e-02
 -7.32690096e-02 -1.42024785e-01 -1.69670939e-01  5.71637526e-02
 -1.14655523e-02 -7.98880160e-02  9.30011924e-03  7.09415674e-02
 -2.19595060e-01  2.23908469e-01 -5.23572303e-02 -4.57254285e-03
 -2.18346894e-01 -3.42580080e-02  9.80566964e-02 -7.29427338e-02
  7.63740614e-02  2.77871192e-01  4.66393866e-02 -3.18135358e-02
 -1.35462120e-01  2.31704698e-03  5.24862334e-02  4.05528992e-02
  2.39767693e-02  4.30596247e-02  1.59093350e-01 -4.05940525e-02
 -8.13115109e-03 -7.32901841e-02  2.32638568e-02 -1.04346480e-02
 -5.69488294e-02 -7.15149492e-02 -9.43012163e-03 -7.97199532e-02
  1.55351153e-02 -8.17997828e-02  2.83287484e-02 -2.44673677e-02
 -2.42491849e-02  5.33279479e-02  1.29537627e-01 -1.01472005e-01
  1.97636639e-03 -6.54890686e-02  4.57369462e-02 -8.60189348e-02
  4.66299889e-06 -4.92311120e-02  8.67067873e-02  2.16699969e-02
 -1.45383880e-01  1.08065028e-02  5.64857498e-02 -2.58893464e-02
 -2.09920347e-01  1.78200036e-01  2.71271355e-02  4.56512794e-02
  1.88602567e-01 -1.74224004e-01  1.15684964e-01  1.01475552e-01
 -9.59623680e-02  2.59384140e-02  1.10667780e-01 -3.92164327e-02
 -3.73202413e-02 -1.13702435e-02  1.32403806e-01  9.65480953e-02
  4.12567258e-02 -7.86109567e-02 -1.06451780e-01  1.38823971e-01
  5.00717573e-02  5.18284403e-02  6.84940591e-02 -1.45477857e-02]