[ 0.03013376  0.10562791  0.07405013  0.04814837 -0.05870241  0.07857691
  0.11591357  0.04266362  0.03240533 -0.05125429  0.11014917 -0.08609419
  0.0199537   0.10315174  0.09029172 -0.17068186  0.03793594 -0.00399058
 -0.02736427 -0.01752302  0.04630878 -0.06617907 -0.04738396  0.16737832
  0.07354855 -0.12723084 -0.07446951  0.02421289  0.13342994  0.00834124
  0.1093916  -0.08534987 -0.02620561  0.00312092  0.0002459   0.05287419
 -0.06484008  0.11675686 -0.12574653 -0.03964816  0.02357521  0.05467952
 -0.11960813  0.07311982 -0.06774327 -0.05880937 -0.01429014 -0.00753555
 -0.06026028 -0.07814565 -0.12025339  0.10233276  0.01342562 -0.06339008
  0.03650428  0.0896067  -0.16649529  0.21102707  0.02033046 -0.12307465
 -0.16346169  0.01575048  0.13470547 -0.10605788  0.00156356  0.17936634
  0.13708235 -0.09587625 -0.142859    0.07188076  0.0565675   0.00541582
  0.02282908  0.04194075  0.05222943 -0.09718586 -0.00356864 -0.04463331
  0.04755905  0.00191794 -0.11140978 -0.0125665  -0.04301399 -0.17284796
  0.07936111 -0.07656027 -0.00584208 -0.06036879  0.03754165  0.04676478
  0.13908745 -0.11701382  0.05120553 -0.09920619  0.08415776 -0.12214778
  0.01193679 -0.03276884  0.03896085  0.02146893 -0.0529131   0.10178078
  0.05388373 -0.03268552 -0.21801056  0.18253118  0.04629491 -0.06500064
  0.1611692  -0.13949315  0.11321308  0.10039374 -0.09064198 -0.0141261
  0.11059026  0.01631208  0.02336608 -0.09784235  0.13745761  0.06098664
 -0.01849297 -0.09410421 -0.09978729  0.10049705  0.01469148  0.07451754
  0.11558527 -0.01069551]