[-0.00476422  0.07868863  0.13497241  0.02748383 -0.02123084  0.03920653
  0.14192706  0.05821266 -0.02778928 -0.00688656  0.07607467 -0.08023159
  0.02395692  0.07690284  0.18075308 -0.1163732  -0.00356849 -0.08077298
 -0.02733997 -0.02002942  0.00252829 -0.10114097 -0.01373435  0.08816268
  0.11091353 -0.05453613 -0.08405222 -0.00387755  0.13294613 -0.06000308
  0.11870749 -0.04382117 -0.00896989  0.01605751 -0.01239572  0.02539415
 -0.04078002  0.16855723 -0.0835176  -0.06962662  0.10716949 -0.00904863
 -0.05959622  0.04992942 -0.10410104  0.00732326 -0.00894443 -0.03504
 -0.10185079 -0.1432559  -0.14489533  0.01170215  0.00729251 -0.07260054
  0.04748425  0.06422997 -0.18691547  0.21068853 -0.01352592 -0.08009626
 -0.16959719 -0.02596537  0.07094293 -0.07477399  0.08761518  0.28460145
  0.05533632 -0.03610602 -0.12914138 -0.00413714  0.02814801  0.0451746
  0.00980407  0.03038813  0.13602455 -0.06496844 -0.01213464 -0.04156341
  0.07908849  0.02659393 -0.11623643 -0.08190913 -0.01705661 -0.13321926
  0.02952859 -0.10440226  0.04724774  0.00473148  0.00485323  0.03486224
  0.13104942 -0.07806597  0.02838648 -0.07471669  0.00292553 -0.087717
  0.02455117 -0.02885288  0.06599447  0.01135919 -0.11034064  0.01966687
  0.04774434 -0.02982357 -0.18584594  0.16533208  0.03270158  0.02630721
  0.2036152  -0.19479801  0.0862613   0.13666679 -0.1033783  -0.02393017
  0.15333995 -0.01424232 -0.06050565 -0.05093156  0.09644642  0.08998728
  0.00163837 -0.06297357 -0.11527303  0.132724    0.04740893  0.07203321
  0.08582174 -0.01768377]