[ 0.01896973  0.10554191  0.12706833  0.00235089 -0.00426933  0.02394035
  0.13877267  0.04719507 -0.06172434 -0.00253269  0.08977431 -0.09588308
  0.03970157  0.10426025  0.20206985 -0.09022435  0.01550549 -0.10118048
 -0.04211575 -0.01502837 -0.01560399 -0.06311038 -0.03432718  0.0443574
  0.10318127 -0.03446718 -0.08910646  0.03678469  0.1480782  -0.05163004
  0.09779743 -0.00730862 -0.03282876  0.02457765 -0.02453832  0.05156614
 -0.02872398  0.14936592 -0.05198613 -0.04491432  0.10245651 -0.00435917
 -0.03646556  0.053317   -0.09332045  0.07037829 -0.00161678 -0.01597102
 -0.12102917 -0.14921804 -0.14106162  0.04287078 -0.0469189  -0.06677742
  0.03509804  0.04239007 -0.21862592  0.20363864 -0.01188762 -0.037958
 -0.16777962 -0.0344482   0.05651662 -0.05860953  0.06584734  0.26631799
  0.05614738 -0.00317771 -0.10076749 -0.00535253  0.05206358  0.05108957
  0.02743904  0.03271189  0.13805141 -0.06542464 -0.01642472 -0.02718919
  0.06120834  0.02046989 -0.0609334  -0.07338508 -0.02260616 -0.12632544
  0.00788855 -0.08517522  0.04894648 -0.01762326 -0.01023939  0.04996229
  0.13612528 -0.07881609 -0.00406185 -0.06718103 -0.00229497 -0.08114288
  0.03213194 -0.0462155   0.0669232  -0.00517377 -0.14495946  0.03632886
  0.05616866 -0.01038778 -0.21267757  0.17069283  0.00138977  0.07433145
  0.21822563 -0.19128665  0.09795059  0.11917058 -0.14211313  0.00335586
  0.14454851 -0.03575901 -0.05847039 -0.06452338  0.08697133  0.07795018
  0.01021923 -0.04066443 -0.08766817  0.17457819  0.05774855  0.03134799
  0.0881331  -0.03061375]