[-1.46118337e-02  1.55324832e-01  7.43457004e-02 -3.21537809e-05
  1.40585788e-02  3.28493305e-02  1.20810598e-01  4.15129773e-02
  6.22828677e-02 -3.08162272e-02  6.97729513e-02 -9.62721407e-02
  4.74041607e-03  5.24707772e-02  9.79234204e-02 -1.31826296e-01
  5.13558090e-02 -4.86524068e-02 -4.51772064e-02  9.52344853e-04
  3.32583748e-02 -8.91520157e-02 -9.54411924e-02  5.62174655e-02
  8.25139731e-02 -1.12791829e-01 -1.08619049e-01  4.30790111e-02
  1.71637923e-01  1.63618394e-03  1.18723325e-01 -6.37584925e-02
  1.72925014e-02 -6.48271991e-03  3.44130248e-02  3.69442031e-02
  1.50870634e-02  1.07000269e-01 -6.09984919e-02 -1.11161493e-01
  7.31533989e-02  1.50349289e-02 -3.35265510e-02  2.02549696e-02
 -1.36904167e-02  5.81751019e-02 -1.30272433e-02 -5.09717874e-03
 -1.26939625e-01 -1.64992750e-01 -2.34822333e-01  7.41013438e-02
  3.41283754e-02 -9.40160602e-02  5.57863433e-03  8.07441399e-02
 -2.43400946e-01  1.47151977e-01 -1.06493756e-01 -8.08245391e-02
 -1.35934234e-01  5.11123147e-03  9.87617150e-02 -9.67437401e-02
  4.25884016e-02  2.35625923e-01  6.22957535e-02 -3.95944230e-02
 -1.29285321e-01 -5.71466461e-02  6.80986568e-02 -4.14604582e-02
 -2.10108608e-02 -4.63409573e-02  8.79029408e-02 -2.52778851e-03
  1.11318855e-02 -8.45757872e-03  7.16988072e-02 -3.43125798e-02
 -1.45865530e-01  1.35119539e-02 -6.40064999e-02 -6.83941916e-02
  8.01104307e-02 -3.73693816e-02 -1.93174053e-02 -5.30222431e-04
  4.36174981e-02  8.25639144e-02  1.51711196e-01 -1.23619854e-01
  8.42224341e-03 -1.01388656e-02  6.36989996e-02 -1.06509693e-01
  1.44829992e-02 -7.91681930e-02  1.05387243e-02  1.14592351e-02
 -6.26667216e-02  1.16361873e-02  4.38621704e-04 -5.77597320e-02
 -2.16330454e-01  2.14792013e-01  8.72142166e-02 -4.17580036e-03
  1.47333652e-01 -1.21355131e-01  9.25854295e-02  2.03515682e-02
 -1.27438590e-01  1.77061073e-02  1.21524788e-01 -3.16295810e-02
 -1.21995315e-01 -6.56178221e-02  1.08475588e-01  5.23434281e-02
 -3.56044546e-02 -3.79021838e-02 -1.15459360e-01  1.44450039e-01
  6.29232600e-02  7.14448318e-02  8.29470456e-02 -1.01428203e-01]