[ 8.12579785e-03  1.26634926e-01  8.51786062e-02 -9.39773694e-02
  5.07655069e-02  1.45368859e-01  6.91123530e-02  1.53293097e-02
 -1.31410547e-02 -2.72901189e-02  5.13889976e-02 -7.13601410e-02
  2.45759205e-04  1.16535760e-01  1.84887454e-01 -1.28733993e-01
  1.01605011e-02 -5.85070485e-03  8.87866190e-04 -9.57354680e-02
  1.84300728e-02  9.50390473e-02  2.06758659e-02  1.15352362e-01
  7.43713379e-02 -1.32669240e-01  8.18142015e-03  4.33362387e-02
  1.53103665e-01  1.18009690e-02  1.25808045e-01 -1.81821868e-01
 -2.92830821e-02 -4.42539761e-03  5.27745932e-02  7.34617487e-02
 -6.42271116e-02  1.20640201e-02 -6.43433705e-02  6.27272502e-02
  9.74220969e-03  8.31948668e-02 -1.00287482e-01  8.13031644e-02
 -1.04963146e-01  4.09225374e-02 -1.53151685e-02  3.89549322e-02
 -9.23088342e-02 -4.85914461e-02 -1.17466412e-01  6.90239668e-02
 -9.52492561e-03 -1.08193025e-01 -4.99387570e-02  1.15640797e-01
 -1.33224607e-01  2.90368408e-01 -7.17872009e-02 -8.13733879e-03
 -1.76230952e-01  5.50262369e-02  1.65506080e-01 -1.12701975e-01
  6.77598566e-02  9.58053097e-02  5.39176278e-02 -4.30120528e-03
 -1.59480155e-01  1.43892452e-01  1.00370474e-01  7.42868483e-02
 -2.17916332e-02 -3.47150080e-02  3.58842164e-02 -1.98323373e-02
 -5.52455559e-02 -6.70204461e-02  4.60766219e-02 -4.00195122e-02
 -3.57106365e-02  9.17117391e-03 -9.55697987e-03 -5.19155860e-02
 -1.50804513e-03 -1.09052561e-01  5.67992963e-03 -6.52701706e-02
 -3.07888892e-02  8.77747163e-02  1.39468282e-01 -9.32902768e-02
  1.05007859e-02 -2.57930588e-02  1.20863996e-01 -8.17663148e-02
 -4.08923589e-02 -3.79113574e-03  1.43243652e-02  4.82312813e-02
 -5.80115132e-02  6.24461211e-02 -1.14528099e-02 -7.99068138e-02
 -2.28507861e-01  1.62006542e-01 -9.78119485e-03 -1.25668094e-01
  1.25732616e-01 -1.10642284e-01  1.82234734e-01  6.18363023e-02
 -2.85302904e-02  4.09001336e-02  7.68465698e-02  6.90001622e-02
 -1.71463471e-02 -7.45305186e-03  7.68629014e-02  1.29306570e-01
  4.55251858e-02 -1.34887949e-01 -1.17344990e-01  7.24925697e-02
 -2.41352003e-02  9.51611847e-02  5.01156300e-02 -2.78529786e-02]