[-0.02641167  0.13923767 -0.01449031  0.03053187 -0.04470401  0.07904741
  0.05874166 -0.05129198  0.03924471 -0.01672607  0.11846349 -0.03876143
 -0.01015956  0.13251302  0.10925895 -0.12270159  0.03415171 -0.07438633
  0.06562439 -0.06583159 -0.04323811 -0.02439251 -0.0144601   0.08659103
  0.07816423 -0.08625315  0.01529608  0.00504821  0.09806853  0.03904
  0.13180195 -0.11031531  0.02340444 -0.08358602 -0.02242416  0.1263629
 -0.06739411  0.05065056 -0.08682736  0.10715877  0.00491015  0.06863335
 -0.15220413  0.05504082 -0.08315113  0.07457386  0.01353728 -0.05913221
 -0.04496524 -0.14280854 -0.10048743  0.12668321  0.00727224 -0.10358658
 -0.02486891  0.14166959 -0.15083088  0.24791101 -0.02649939  0.05630355
 -0.19973563 -0.0109375   0.15797231 -0.16721399  0.11736398  0.08104025
  0.12156411 -0.04596191 -0.11766445  0.10751622  0.12011743  0.0656599
 -0.01007244 -0.02111711  0.10321989  0.01772872 -0.04281342 -0.01264389
 -0.05242055 -0.01495402 -0.12642819 -0.03331861 -0.04822094 -0.06626356
 -0.03091171 -0.03030872  0.00541603 -0.13584866 -0.08487205 -0.02727165
  0.02196327 -0.10615912  0.06317635 -0.0591049   0.13390197 -0.11358216
  0.02625748 -0.08346077  0.09429993  0.06381449 -0.13175078  0.06214185
  0.01164937 -0.04998815 -0.22280392  0.18301308  0.04198458 -0.07198773
  0.07553551 -0.1097928   0.08041392  0.01715382 -0.00763932 -0.03239339
  0.05860229  0.04493206 -0.03558153 -0.04791667  0.12604173  0.09842093
 -0.0033124  -0.13060692 -0.14244612  0.09012491  0.05958629  0.13852465
  0.02170217  0.02567874]