[-0.03563631  0.15332094  0.00305421  0.04511673 -0.05002516  0.05375334
  0.11302413 -0.00034136  0.04717012  0.05568298  0.11307421 -0.07137611
  0.02359048  0.1365827   0.08305652 -0.08198182  0.07665496  0.03137293
 -0.00452762 -0.08224033  0.02353447 -0.10378179 -0.03376201  0.1108191
  0.07693345 -0.11678804 -0.04811161  0.01856623  0.14910792  0.05781422
  0.11140268 -0.01806182  0.01986846 -0.05201539 -0.02558556  0.07072546
 -0.09505199  0.09647816 -0.12364723  0.01707271 -0.02705872  0.05694006
 -0.10615742  0.07907893 -0.03628193 -0.00849265  0.00064613 -0.03920426
 -0.07552761 -0.18340495 -0.05686082  0.10296666 -0.02424851 -0.13351047
 -0.01779059  0.1656297  -0.15627776  0.22743376  0.0336229  -0.01787341
 -0.17361395 -0.03534782  0.12519692 -0.14380151  0.11160477  0.14168639
  0.06145025 -0.06683163 -0.17011809  0.11264306  0.07819531  0.03772606
 -0.00338715 -0.03302161  0.02587604 -0.03012249  0.01562948 -0.00124052
 -0.04003637 -0.10558344 -0.1450112  -0.02217576 -0.07986473 -0.11953089
 -0.02059796 -0.06431701 -0.01132758 -0.12097613  0.00610491  0.01069995
  0.01309218 -0.1071848   0.02062003 -0.10251918  0.16999039 -0.04427762
  0.01504745 -0.03808942  0.05679557  0.09439976 -0.07157397  0.06388994
  0.02768521 -0.02214922 -0.20096043  0.16107233  0.02100159 -0.09699908
  0.14713329 -0.16496657  0.03219831  0.06352291 -0.04190092 -0.0365668
  0.1317699   0.01023659  0.00131547 -0.07055933  0.15202151  0.0891685
 -0.01402037 -0.12063486 -0.12021086  0.09699444  0.04896984  0.11664933
  0.0390038  -0.0203051 ]